# Robotbuilder playback file

Version 1

Articulation_File	"artQuad3D.dm"
Environment_File	"Quad3D.env"
Articulation_File_Time	29494500	3290809250
Environment_File_Time	29494499	1870620296
Number_Of_Items	25

15.2727
0	0	0	1	0	0	0	1	0	0	0	1	
26.259	3.99853	0.583233	0.998209	-0.00767452	0.0593246	0.00763018	0.99997	0.000973997	-0.0593303	-0.000519596	0.998238	
0	0	0	-4.37114e-008	-1	0	1	-4.37114e-008	0	0	0	1	
-0.165	0.37	0	0.00503534	0	-0.999987	-0.999987	0	-0.00503534	0	1	0	
0	0	0	0.372953	0	-0.92785	0.92785	0	0.372953	0	-1	0	
0.24	0	0	0.397736	0.9175	0	-0.9175	0.397736	0	0	0	1	
-0.14	0	0	0.531806	0.846866	0	-0.846866	0.531806	0	0	0	1	
0	0.370129	0	1	0	0	0	0	-1	0	1	0	
0.165	0.37	0	0.00580875	0	-0.999983	-0.999983	0	-0.00580875	0	1	0	
0	0	0	0.374651	0	-0.927166	0.927166	0	0.374651	0	-1	0	
0.24	0	0	0.396108	0.918204	0	-0.918204	0.396108	0	0	0	1	
-0.14	0	0	0.534015	0.845475	0	-0.845475	0.534015	0	0	0	1	
0	0.37026	0	1	0	0	0	0	-1	0	1	0	
-0.165	-0.69	0	-0.00511005	0	-0.999987	-0.999987	0	0.00511005	0	1	0	
0	0	0	0.355865	0	0.934537	0.934537	0	-0.355865	0	1	0	
0.24	0	0	-0.0216959	0.999765	0	-0.999765	-0.0216959	0	0	0	1	
0	0	0	-0.34202	-0.939693	0	0.939693	-0.34202	0	0	0	1	
0.36	0	0	0.662103	0.749413	0	-0.749413	0.662103	0	0	0	1	
0	0.415859	0	1	0	0	0	0	-1	0	1	0	
0.165	-0.69	0	-0.00551929	0	-0.999985	-0.999985	0	0.00551929	0	1	0	
0	0	0	0.355248	0	0.934772	0.934772	0	-0.355248	0	1	0	
0.24	0	0	-0.0232676	0.999729	0	-0.999729	-0.0232676	0	0	0	1	
0	0	0	-0.34202	-0.939693	0	0.939693	-0.34202	0	0	0	1	
0.36	0	0	0.662273	0.749262	0	-0.749262	0.662273	0	0	0	1	
0	0.416016	0	1	0	0	0	0	-1	0	1	0	
15.283
0	0	0	1	0	0	0	1	0	0	0	1	
26.2788	3.99857	0.586708	0.995493	-0.00763801	0.0945238	0.00759918	0.999971	0.000770841	-0.094527	-4.90639e-005	0.995522	
0	0	0	-4.37114e-008	-1	0	1	-4.37114e-008	0	0	0	1	
-0.165	0.37	0	0.00544112	0	-0.999985	-0.999985	0	-0.00544112	0	1	0	
0	0	0	0.313307	0	-0.949652	0.949652	0	0.313307	0	-1	0	
0.24	0	0	0.390314	0.920682	0	-0.920682	0.390314	0	0	0	1	
-0.14	0	0	0.539631	0.841902	0	-0.841902	0.539631	0	0	0	1	
0	0.371642	0	1	0	0	0	0	-1	0	1	0	
0.165	0.37	0	0.00560622	0	-0.999984	-0.999984	0	-0.00560622	0	1	0	
0	0	0	0.317977	0	-0.948098	0.948098	0	0.317977	0	-1	0	
0.24	0	0	0.392629	0.919697	0	-0.919697	0.392629	0	0	0	1	
-0.14	0	0	0.53682	0.843697	0	-0.843697	0.53682	0	0	0	1	
0	0.371433	0	1	0	0	0	0	-1	0	1	0	
-0.165	-0.69	0	-0.00524618	0	-0.999986	-0.999986	0	0.00524618	0	1	0	
0	0	0	0.343876	0	0.939015	0.939015	0	-0.343876	0	1	0	
0.24	0	0	-0.121968	0.992534	0	-0.992534	-0.121968	0	0	0	1	
0	0	0	-0.34202	-0.939693	0	0.939693	-0.34202	0	0	0	1	
0.36	0	0	0.672882	0.73975	0	-0.73975	0.672882	0	0	0	1	
0	0.426609	0	1	0	0	0	0	-1	0	1	0	
0.165	-0.69	0	-0.00563623	0	-0.999984	-0.999984	0	0.00563623	0	1	0	
0	0	0	0.343455	0	0.939169	0.939169	0	-0.343455	0	1	0	
0.24	0	0	-0.123264	0.992374	0	-0.992374	-0.123264	0	0	0	1	
0	0	0	-0.34202	-0.939693	0	0.939693	-0.34202	0	0	0	1	
0.36	0	0	0.673008	0.739636	0	-0.739636	0.673008	0	0	0	1	
0	0.426739	0	1	0	0	0	0	-1	0	1	0	
15.2932
0	0	0	1	0	0	0	1	0	0	0	1	
26.2978	3.99861	0.589773	0.991985	-0.00758217	0.126131	0.00755527	0.999971	0.000691646	-0.126132	0.00026685	0.992013	
0	0	0	-4.37114e-008	-1	0	1	-4.37114e-008	0	0	0	1	
-0.165	0.37	0	0.00572328	0	-0.999984	-0.999984	0	-0.00572328	0	1	0	
0	0	0	0.226835	0	-0.973933	0.973933	0	0.226835	0	-1	0	
0.24	0	0	0.343991	0.938973	0	-0.938973	0.343991	0	0	0	1	
-0.14	0	0	0.594199	0.804318	0	-0.804318	0.594199	0	0	0	1	
0	0.37617	0	1	0	0	0	0	-1	0	1	0	
0.165	0.37	0	0.00553863	0	-0.999985	-0.999985	0	-0.00553863	0	1	0	
0	0	0	0.232054	0	-0.972703	0.972703	0	0.232054	0	-1	0	
0.24	0	0	0.346607	0.93801	0	-0.93801	0.346607	0	0	0	1	
-0.14	0	0	0.591239	0.806496	0	-0.806496	0.591239	0	0	0	1	
0	0.37593	0	1	0	0	0	0	-1	0	1	0	
-0.165	-0.69	0	-0.00530352	0	-0.999986	-0.999986	0	0.00530352	0	1	0	
0	0	0	0.339119	0	0.940744	0.940744	0	-0.339119	0	1	0	
0.24	0	0	-0.207738	0.978185	0	-0.978185	-0.207738	0	0	0	1	
0	0	0	-0.34202	-0.939693	0	0.939693	-0.34202	0	0	0	1	
0.36	0	0	0.679941	0.733267	0	-0.733267	0.679941	0	0	0	1	
0	0.436027	0	1	0	0	0	0	-1	0	1	0	
0.165	-0.69	0	-0.00562359	0	-0.999984	-0.999984	0	0.00562359	0	1	0	
0	0	0	0.338929	0	0.940812	0.940812	0	-0.338929	0	1	0	
0.24	0	0	-0.20878	0.977963	0	-0.977963	-0.20878	0	0	0	1	
0	0	0	-0.34202	-0.939693	0	0.939693	-0.34202	0	0	0	1	
0.36	0	0	0.680016	0.733197	0	-0.733197	0.680016	0	0	0	1	
0	0.436137	0	1	0	0	0	0	-1	0	1	0	
15.3035
0	0	0	1	0	0	0	1	0	0	0	1	
26.3162	3.99864	0.59309	0.988195	-0.00749672	0.15302	0.00749487	0.999972	0.00058888	-0.15302	0.000564938	0.988223	
0	0	0	-4.37114e-008	-1	0	1	-4.37114e-008	0	0	0	1	
-0.165	0.37	0	0.00575976	0	-0.999983	-0.999983	0	-0.00575976	0	1	0	
0	0	0	0.14312	0	-0.989705	0.989705	0	0.14312	0	-1	0	
0.24	0	0	0.29744	0.954741	0	-0.954741	0.29744	0	0	0	1	
-0.14	0	0	0.644748	0.764395	0	-0.764395	0.644748	0	0	0	1	
0	0.380826	0	1	0	0	0	0	-1	0	1	0	
0.165	0.37	0	0.00550072	0	-0.999985	-0.999985	0	-0.00550072	0	1	0	
0	0	0	0.148299	0	-0.988943	0.988943	0	0.148299	0	-1	0	
0.24	0	0	0.299562	0.954077	0	-0.954077	0.299562	0	0	0	1	
-0.14	0	0	0.64254	0.766252	0	-0.766252	0.64254	0	0	0	1	
0	0.380615	0	1	0	0	0	0	-1	0	1	0	
-0.165	-0.69	0	-0.00541224	0	-0.999985	-0.999985	0	0.00541224	0	1	0	
0	0	0	0.347857	0	0.937548	0.937548	0	-0.347857	0	1	0	
0.24	0	0	-0.271761	0.962365	0	-0.962365	-0.271761	0	0	0	1	
0	0	0	-0.34202	-0.939693	0	0.939693	-0.34202	0	0	0	1	
0.36	0	0	0.683777	0.729691	0	-0.729691	0.683777	0	0	0	1	
0	0.443201	0	1	0	0	0	0	-1	0	1	0	
0.165	-0.69	0	-0.00564302	0	-0.999984	-0.999984	0	0.00564302	0	1	0	
0	0	0	0.347917	0	0.937525	0.937525	0	-0.347917	0	1	0	
0.24	0	0	-0.272558	0.962139	0	-0.962139	-0.272558	0	0	0	1	
0	0	0	-0.34202	-0.939693	0	0.939693	-0.34202	0	0	0	1	
0.36	0	0	0.683819	0.729652	0	-0.729652	0.683819	0	0	0	1	
0	0.443287	0	1	0	0	0	0	-1	0	1	0	
15.3137
0	0	0	1	0	0	0	1	0	0	0	1	
26.3341	3.99868	0.596878	0.984625	-0.00738302	0.174527	0.00741553	0.999972	0.000465845	-0.174525	0.000835524	0.984652	
0	0	0	-4.37114e-008	-1	0	1	-4.37114e-008	0	0	0	1	
-0.165	0.37	0	0.00570028	0	-0.999984	-0.999984	0	-0.00570028	0	1	0	
0	0	0	0.0684957	0	-0.997651	0.997651	0	0.0684957	0	-1	0	
0.24	0	0	0.253649	0.967296	0	-0.967296	0.253649	0	0	0	1	
-0.14	0	0	0.688367	0.725362	0	-0.725362	0.688367	0	0	0	1	
0	0.385393	0	1	0	0	0	0	-1	0	1	0	
0.165	0.37	0	0.00547044	0	-0.999985	-0.999985	0	-0.00547044	0	1	0	
0	0	0	0.073558	0	-0.997291	0.997291	0	0.073558	0	-1	0	
0.24	0	0	0.255492	0.966811	0	-0.966811	0.255492	0	0	0	1	
-0.14	0	0	0.686603	0.727032	0	-0.727032	0.686603	0	0	0	1	
0	0.385195	0	1	0	0	0	0	-1	0	1	0	
-0.165	-0.69	0	-0.00555874	0	-0.999985	-0.999985	0	0.00555874	0	1	0	
0	0	0	0.370414	0	0.928867	0.928867	0	-0.370414	0	1	0	
0.24	0	0	-0.313516	0.949583	0	-0.949583	-0.313516	0	0	0	1	
0	0	0	-0.34202	-0.939693	0	0.939693	-0.34202	0	0	0	1	
0.36	0	0	0.685537	0.728038	0	-0.728038	0.685537	0	0	0	1	
0	0.447887	0	1	0	0	0	0	-1	0	1	0	
0.165	-0.69	0	-0.00570263	0	-0.999984	-0.999984	0	0.00570263	0	1	0	
0	0	0	0.370753	0	0.928732	0.928732	0	-0.370753	0	1	0	
0.24	0	0	-0.314062	0.949403	0	-0.949403	-0.314062	0	0	0	1	
0	0	0	-0.34202	-0.939693	0	0.939693	-0.34202	0	0	0	1	
0.36	0	0	0.685558	0.728018	0	-0.728018	0.685558	0	0	0	1	
0	0.447946	0	1	0	0	0	0	-1	0	1	0	
15.324
0	0	0	1	0	0	0	1	0	0	0	1	
26.3518	3.99871	0.601212	0.981675	-0.0072313	0.190425	0.00731746	0.999973	0.000250683	-0.190422	0.00114734	0.981702	
0	0	0	-4.37114e-008	-1	0	1	-4.37114e-008	0	0	0	1	
-0.165	0.37	0	0.00525718	0	-0.999986	-0.999986	0	-0.00525718	0	1	0	
0	0	0	0.00366301	0	-0.999993	0.999993	0	0.00366301	0	-1	0	
0.24	0	0	0.209176	0.977878	0	-0.977878	0.209176	0	0	0	1	
-0.14	0	0	0.729066	0.684443	0	-0.684443	0.729066	0	0	0	1	
0	0.390129	0	1	0	0	0	0	-1	0	1	0	
0.165	0.37	0	0.00513487	0	-0.999987	-0.999987	0	-0.00513487	0	1	0	
0	0	0	0.00845656	0	-0.999964	0.999964	0	0.00845656	0	-1	0	
0.24	0	0	0.210756	0.977539	0	-0.977539	0.210756	0	0	0	1	
-0.14	0	0	0.727667	0.68593	0	-0.68593	0.727667	0	0	0	1	
0	0.389941	0	1	0	0	0	0	-1	0	1	0	
-0.165	-0.69	0	-0.00581123	0	-0.999983	-0.999983	0	0.00581123	0	1	0	
0	0	0	0.405444	0	0.91412	0.91412	0	-0.405444	0	1	0	
0.24	0	0	-0.334088	0.942542	0	-0.942542	-0.334088	0	0	0	1	
0	0	0	-0.34202	-0.939693	0	0.939693	-0.34202	0	0	0	1	
0.36	0	0	0.686044	0.72756	0	-0.72756	0.686044	0	0	0	1	
0	0.4501	0	1	0	0	0	0	-1	0	1	0	
0.165	-0.69	0	-0.00588239	0	-0.999983	-0.999983	0	0.00588239	0	1	0	
0	0	0	0.406132	0	0.913814	0.913814	0	-0.406132	0	1	0	
0.24	0	0	-0.3343	0.942467	0	-0.942467	-0.3343	0	0	0	1	
0	0	0	-0.34202	-0.939693	0	0.939693	-0.34202	0	0	0	1	
0.36	0	0	0.686042	0.727562	0	-0.727562	0.686042	0	0	0	1	
0	0.450123	0	1	0	0	0	0	-1	0	1	0	
15.3342
0	0	0	1	0	0	0	1	0	0	0	1	
26.3695	3.99878	0.606407	0.97979	-0.00697846	0.199907	0.00726516	0.999973	-0.000700619	-0.199897	0.00213882	0.979815	
0	0	0	-4.37114e-008	-1	0	1	-4.37114e-008	0	0	0	1	
-0.165	0.37	0	0.00235326	0	-0.999997	-0.999997	0	-0.00235326	0	1	0	
0	0	0	-0.0349864	0	-0.999388	0.999388	0	-0.0349864	0	-1	0	
0.24	0	0	0.178203	0.983994	0	-0.983994	0.178203	0	0	0	1	
-0.14	0	0	0.755878	0.654712	0	-0.654712	0.755878	0	0	0	1	
0	0.393965	0	1	0	0	0	0	-1	0	1	0	
0.165	0.37	0	0.00214262	0	-0.999998	-0.999998	0	-0.00214262	0	1	0	
0	0	0	-0.0322011	0	-0.999481	0.999481	0	-0.0322011	0	-1	0	
0.24	0	0	0.178198	0.983995	0	-0.983995	0.178198	0	0	0	1	
-0.14	0	0	0.75586	0.654734	0	-0.654734	0.75586	0	0	0	1	
0	0.393895	0	1	0	0	0	0	-1	0	1	0	
-0.165	-0.69	0	-0.00688313	0	-0.999976	-0.999976	0	0.00688313	0	1	0	
0	0	0	0.455263	0	0.890357	0.890357	0	-0.455263	0	1	0	
0.24	0	0	-0.328294	0.944575	0	-0.944575	-0.328294	0	0	0	1	
0	0	0	-0.34202	-0.939693	0	0.939693	-0.34202	0	0	0	1	
0.36	0	0	0.685434	0.728135	0	-0.728135	0.685434	0	0	0	1	
0	0.446909	0	1	0	0	0	0	-1	0	1	0	
0.165	-0.69	0	-0.00678324	0	-0.999977	-0.999977	0	0.00678324	0	1	0	
0	0	0	0.457318	0	0.889303	0.889303	0	-0.457318	0	1	0	
0.24	0	0	-0.32686	0.945073	0	-0.945073	-0.32686	0	0	0	1	
0	0	0	-0.34202	-0.939693	0	0.939693	-0.34202	0	0	0	1	
0.36	0	0	0.685352	0.728212	0	-0.728212	0.685352	0	0	0	1	
0	0.44655	0	1	0	0	0	0	-1	0	1	0	
15.3445
0	0	0	1	0	0	0	1	0	0	0	1	
26.3877	3.99885	0.613481	0.979912	-0.00669155	0.199316	0.0071787	0.999973	-0.00172153	-0.199299	0.00311778	0.979934	
0	0	0	-4.37114e-008	-1	0	1	-4.37114e-008	0	0	0	1	
-0.165	0.37	0	-0.000549598	0	-1	-1	0	0.000549598	0	1	0	
0	0	0	-0.0286714	0	-0.999589	0.999589	0	-0.0286714	0	-1	0	
0.24	0	0	0.158762	0.987317	0	-0.987317	0.158762	0	0	0	1	
-0.14	0	0	0.771923	0.635716	0	-0.635716	0.771923	0	0	0	1	
0	0.396821	0	1	0	0	0	0	-1	0	1	0	
0.165	0.37	0	-0.00125269	0	-0.999999	-0.999999	0	0.00125269	0	1	0	
0	0	0	-0.0283789	0	-0.999597	0.999597	0	-0.0283789	0	-1	0	
0.24	0	0	0.158386	0.987377	0	-0.987377	0.158386	0	0	0	1	
-0.14	0	0	0.772195	0.635386	0	-0.635386	0.772195	0	0	0	1	
0	0.396791	0	1	0	0	0	0	-1	0	1	0	
-0.165	-0.69	0	-0.00802513	0	-0.999968	-0.999968	0	0.00802513	0	1	0	
0	0	0	0.523261	0	0.852173	0.852173	0	-0.523261	0	1	0	
0.24	0	0	-0.28349	0.958975	0	-0.958975	-0.28349	0	0	0	1	
0	0	0	-0.34202	-0.939693	0	0.939693	-0.34202	0	0	0	1	
0.36	0	0	0.682697	0.730702	0	-0.730702	0.682697	0	0	0	1	
0	0.438541	0	1	0	0	0	0	-1	0	1	0	
0.165	-0.69	0	-0.00774011	0	-0.99997	-0.99997	0	0.00774011	0	1	0	
0	0	0	0.526179	0	0.850374	0.850374	0	-0.526179	0	1	0	
0.24	0	0	-0.280746	0.959782	0	-0.959782	-0.280746	0	0	0	1	
0	0	0	-0.34202	-0.939693	0	0.939693	-0.34202	0	0	0	1	
0.36	0	0	0.682533	0.730855	0	-0.730855	0.682533	0	0	0	1	
0	0.438113	0	1	0	0	0	0	-1	0	1	0	
15.3547
0	0	0	1	0	0	0	1	0	0	0	1	
26.407	3.99887	0.622305	0.98187	-0.00641174	0.189446	0.00697763	0.999973	-0.00232025	-0.189426	0.00360007	0.981888	
0	0	0	-4.37114e-008	-1	0	1	-4.37114e-008	0	0	0	1	
-0.165	0.37	0	-0.00226538	0	-0.999997	-0.999997	0	0.00226538	0	1	0	
0	0	0	0.0194705	0	-0.99981	0.99981	0	0.0194705	0	-1	0	
0.24	0	0	0.135613	0.990762	0	-0.990762	0.135613	0	0	0	1	
-0.14	0	0	0.789866	0.613279	0	-0.613279	0.789866	0	0	0	1	
0	0.399798	0	1	0	0	0	0	-1	0	1	0	
0.165	0.37	0	-0.00343911	0	-0.999994	-0.999994	0	0.00343911	0	1	0	
0	0	0	0.017481	0	-0.999847	0.999847	0	0.017481	0	-1	0	
0.24	0	0	0.135845	0.99073	0	-0.99073	0.135845	0	0	0	1	
-0.14	0	0	0.789674	0.613526	0	-0.613526	0.789674	0	0	0	1	
0	0.399734	0	1	0	0	0	0	-1	0	1	0	
-0.165	-0.69	0	-0.00864011	0	-0.999963	-0.999963	0	0.00864011	0	1	0	
0	0	0	0.599329	0	0.800503	0.800503	0	-0.599329	0	1	0	
0.24	0	0	-0.205917	0.97857	0	-0.97857	-0.205917	0	0	0	1	
0	0	0	-0.34202	-0.939693	0	0.939693	-0.34202	0	0	0	1	
0.36	0	0	0.677402	0.735613	0	-0.735613	0.677402	0	0	0	1	
0	0.427915	0	1	0	0	0	0	-1	0	1	0	
0.165	-0.69	0	-0.0083173	0	-0.999965	-0.999965	0	0.0083173	0	1	0	
0	0	0	0.602576	0	0.798062	0.798062	0	-0.602576	0	1	0	
0.24	0	0	-0.202305	0.979323	0	-0.979323	-0.202305	0	0	0	1	
0	0	0	-0.34202	-0.939693	0	0.939693	-0.34202	0	0	0	1	
0.36	0	0	0.677134	0.73586	0	-0.73586	0.677134	0	0	0	1	
0	0.427449	0	1	0	0	0	0	-1	0	1	0	
15.365
0	0	0	1	0	0	0	1	0	0	0	1	
26.4274	3.99885	0.632414	0.984987	-0.00613635	0.172518	0.00667184	0.999975	-0.00252422	-0.172498	0.00363734	0.985003	
0	0	0	-4.37114e-008	-1	0	1	-4.37114e-008	0	0	0	1	
-0.165	0.37	0	-0.00298766	0	-0.999996	-0.999996	0	0.00298766	0	1	0	
0	0	0	0.0999566	0	-0.994992	0.994992	0	0.0999566	0	-1	0	
0.24	0	0	0.106447	0.994318	0	-0.994318	0.106447	0	0	0	1	
-0.14	0	0	0.81104	0.584991	0	-0.584991	0.81104	0	0	0	1	
0	0.403026	0	1	0	0	0	0	-1	0	1	0	
0.165	0.37	0	-0.00431791	0	-0.999991	-0.999991	0	0.00431791	0	1	0	
0	0	0	0.0961754	0	-0.995364	0.995364	0	0.0961754	0	-1	0	
0.24	0	0	0.107377	0.994218	0	-0.994218	0.107377	0	0	0	1	
-0.14	0	0	0.810379	0.585906	0	-0.585906	0.810379	0	0	0	1	
0	0.402922	0	1	0	0	0	0	-1	0	1	0	
-0.165	-0.69	0	-0.00878768	0	-0.999961	-0.999961	0	0.00878768	0	1	0	
0	0	0	0.677115	0	0.735877	0.735877	0	-0.677115	0	1	0	
0.24	0	0	-0.10047	0.99494	0	-0.99494	-0.10047	0	0	0	1	
0	0	0	-0.34202	-0.939693	0	0.939693	-0.34202	0	0	0	1	
0.36	0	0	0.668248	0.743939	0	-0.743939	0.668248	0	0	0	1	
0	0.415474	0	1	0	0	0	0	-1	0	1	0	
0.165	-0.69	0	-0.00854105	0	-0.999964	-0.999964	0	0.00854105	0	1	0	
0	0	0	0.680317	0	0.732918	0.732918	0	-0.680317	0	1	0	
0.24	0	0	-0.0963856	0.995344	0	-0.995344	-0.0963856	0	0	0	1	
0	0	0	-0.34202	-0.939693	0	0.939693	-0.34202	0	0	0	1	
0.36	0	0	0.667847	0.744298	0	-0.744298	0.667847	0	0	0	1	
0	0.415008	0	1	0	0	0	0	-1	0	1	0	
15.3752
0	0	0	1	0	0	0	1	0	0	0	1	
26.4486	3.99881	0.64321	0.988498	-0.00585171	0.151119	0.00629855	0.999977	-0.00247836	-0.151101	0.00340168	0.988513	
0	0	0	-4.37114e-008	-1	0	1	-4.37114e-008	0	0	0	1	
-0.165	0.37	0	-0.00319127	0	-0.999995	-0.999995	0	0.00319127	0	1	0	
0	0	0	0.200601	0	-0.979673	0.979673	0	0.200601	0	-1	0	
0.24	0	0	0.0759922	0.997108	0	-0.997108	0.0759922	0	0	0	1	
-0.14	0	0	0.83168	0.555256	0	-0.555256	0.83168	0	0	0	1	
0	0.406122	0	1	0	0	0	0	-1	0	1	0	
0.165	0.37	0	-0.00431076	0	-0.999991	-0.999991	0	0.00431076	0	1	0	
0	0	0	0.195704	0	-0.980663	0.980663	0	0.195704	0	-1	0	
0.24	0	0	0.0772933	0.997008	0	-0.997008	0.0772933	0	0	0	1	
-0.14	0	0	0.830826	0.556532	0	-0.556532	0.830826	0	0	0	1	
0	0.406002	0	1	0	0	0	0	-1	0	1	0	
-0.165	-0.69	0	-0.00866347	0	-0.999962	-0.999962	0	0.00866347	0	1	0	
0	0	0	0.751568	0	0.659655	0.659655	0	-0.751568	0	1	0	
0.24	0	0	0.0260348	0.999661	0	-0.999661	0.0260348	0	0	0	1	
0	0	0	-0.34202	-0.939693	0	0.939693	-0.34202	0	0	0	1	
0.36	0	0	0.653699	0.756754	0	-0.756754	0.653699	0	0	0	1	
0	0.402099	0	1	0	0	0	0	-1	0	1	0	
0.165	-0.69	0	-0.00855929	0	-0.999963	-0.999963	0	0.00855929	0	1	0	
0	0	0	0.754547	0	0.656246	0.656246	0	-0.754547	0	1	0	
0.24	0	0	0.0303525	0.999539	0	-0.999539	0.0303525	0	0	0	1	
0	0	0	-0.34202	-0.939693	0	0.939693	-0.34202	0	0	0	1	
0.36	0	0	0.653132	0.757244	0	-0.757244	0.653132	0	0	0	1	
0	0.401661	0	1	0	0	0	0	-1	0	1	0	
15.3855
0	0	0	1	0	0	0	1	0	0	0	1	
26.4705	3.99875	0.653988	0.991788	-0.00555091	0.127772	0.00589646	0.99998	-0.00232634	-0.127756	0.00306063	0.991801	
0	0	0	-4.37114e-008	-1	0	1	-4.37114e-008	0	0	0	1	
-0.165	0.37	0	-0.00321881	0	-0.999995	-0.999995	0	0.00321881	0	1	0	
0	0	0	0.308194	0	-0.951323	0.951323	0	0.308194	0	-1	0	
0.24	0	0	0.048671	0.998815	0	-0.998815	0.048671	0	0	0	1	
-0.14	0	0	0.849001	0.528391	0	-0.528391	0.849001	0	0	0	1	
0	0.408756	0	1	0	0	0	0	-1	0	1	0	
0.165	0.37	0	-0.00388363	0	-0.999992	-0.999992	0	0.00388363	0	1	0	
0	0	0	0.302933	0	-0.953012	0.953012	0	0.302933	0	-1	0	
0.24	0	0	0.0500256	0.998748	0	-0.998748	0.0500256	0	0	0	1	
-0.14	0	0	0.848171	0.529722	0	-0.529722	0.848171	0	0	0	1	
0	0.408642	0	1	0	0	0	0	-1	0	1	0	
-0.165	-0.69	0	-0.00845439	0	-0.999964	-0.999964	0	0.00845439	0	1	0	
0	0	0	0.81917	0	0.573551	0.573551	0	-0.81917	0	1	0	
0.24	0	0	0.165325	0.986239	0	-0.986239	0.165325	0	0	0	1	
0	0	0	-0.34202	-0.939693	0	0.939693	-0.34202	0	0	0	1	
0.36	0	0	0.632336	0.774694	0	-0.774694	0.632336	0	0	0	1	
0	0.388916	0	1	0	0	0	0	-1	0	1	0	
0.165	-0.69	0	-0.0085128	0	-0.999964	-0.999964	0	0.0085128	0	1	0	
0	0	0	0.821865	0	0.569682	0.569682	0	-0.821865	0	1	0	
0.24	0	0	0.169801	0.985478	0	-0.985478	0.169801	0	0	0	1	
0	0	0	-0.34202	-0.939693	0	0.939693	-0.34202	0	0	0	1	
0.36	0	0	0.631549	0.775336	0	-0.775336	0.631549	0	0	0	1	
0	0.388516	0	1	0	0	0	0	-1	0	1	0	
15.3957
0	0	0	1	0	0	0	1	0	0	0	1	
26.4927	3.99869	0.664081	0.994522	-0.00523701	0.104394	0.00549524	0.999983	-0.00218615	-0.104381	0.00274785	0.994534	
0	0	0	-4.37114e-008	-1	0	1	-4.37114e-008	0	0	0	1	
-0.165	0.37	0	-0.00321976	0	-0.999995	-0.999995	0	0.00321976	0	1	0	
0	0	0	0.410933	0	-0.911665	0.911665	0	0.410933	0	-1	0	
0.24	0	0	0.0261964	0.999657	0	-0.999657	0.0261964	0	0	0	1	
-0.14	0	0	0.862434	0.506169	0	-0.506169	0.862434	0	0	0	1	
0	0.410828	0	1	0	0	0	0	-1	0	1	0	
0.165	0.37	0	-0.00338916	0	-0.999994	-0.999994	0	0.00338916	0	1	0	
0	0	0	0.406017	0	-0.913865	0.913865	0	0.406017	0	-1	0	
0.24	0	0	0.027441	0.999623	0	-0.999623	0.027441	0	0	0	1	
-0.14	0	0	0.861715	0.507393	0	-0.507393	0.861715	0	0	0	1	
0	0.410728	0	1	0	0	0	0	-1	0	1	0	
-0.165	-0.69	0	-0.00825352	0	-0.999966	-0.999966	0	0.00825352	0	1	0	
0	0	0	0.877565	0	0.479458	0.479458	0	-0.877565	0	1	0	
0.24	0	0	0.30298	0.952997	0	-0.952997	0.30298	0	0	0	1	
0	0	0	-0.34202	-0.939693	0	0.939693	-0.34202	0	0	0	1	
0.36	0	0	0.604417	0.796668	0	-0.796668	0.604417	0	0	0	1	
0	0.377507	0	1	0	0	0	0	-1	0	1	0	
0.165	-0.69	0	-0.00861281	0	-0.999963	-0.999963	0	0.00861281	0	1	0	
0	0	0	0.879924	0	0.475114	0.475114	0	-0.879924	0	1	0	
0.24	0	0	0.306922	0.951735	0	-0.951735	0.306922	0	0	0	1	
0	0	0	-0.34202	-0.939693	0	0.939693	-0.34202	0	0	0	1	
0.36	0	0	0.603507	0.797358	0	-0.797358	0.603507	0	0	0	1	
0	0.377207	0	1	0	0	0	0	-1	0	1	0	
15.406
0	0	0	1	0	0	0	1	0	0	0	1	
26.5148	3.99864	0.672906	0.996632	-0.00492713	0.0818555	0.00508702	0.999986	-0.00174493	-0.0818457	0.00215545	0.996643	
0	0	0	-4.37114e-008	-1	0	1	-4.37114e-008	0	0	0	1	
-0.165	0.37	0	-0.00288896	0	-0.999996	-0.999996	0	0.00288896	0	1	0	
0	0	0	0.499255	0	-0.866455	0.866455	0	0.499255	0	-1	0	
0.24	0	0	0.00527292	0.999986	0	-0.999986	0.00527292	0	0	0	1	
-0.14	0	0	0.874332	0.485328	0	-0.485328	0.874332	0	0	0	1	
0	0.41286	0	1	0	0	0	0	-1	0	1	0	
0.165	0.37	0	-0.00278846	0	-0.999996	-0.999996	0	0.00278846	0	1	0	
0	0	0	0.495176	0	-0.868793	0.868793	0	0.495176	0	-1	0	
0.24	0	0	0.00693526	0.999976	0	-0.999976	0.00693526	0	0	0	1	
-0.14	0	0	0.873401	0.487002	0	-0.487002	0.873401	0	0	0	1	
0	0.412709	0	1	0	0	0	0	-1	0	1	0	
-0.165	-0.69	0	-0.00658428	0	-0.999978	-0.999978	0	0.00658428	0	1	0	
0	0	0	0.922026	0	0.387128	0.387128	0	-0.922026	0	1	0	
0.24	0	0	0.406475	0.913662	0	-0.913662	0.406475	0	0	0	1	
0	0	0	-0.34202	-0.939693	0	0.939693	-0.34202	0	0	0	1	
0.36	0	0	0.577959	0.816065	0	-0.816065	0.577959	0	0	0	1	
0	0.370391	0	1	0	0	0	0	-1	0	1	0	
0.165	-0.69	0	-0.00755629	0	-0.999971	-0.999971	0	0.00755629	0	1	0	
0	0	0	0.923579	0	0.383409	0.383409	0	-0.923579	0	1	0	
0.24	0	0	0.408657	0.912688	0	-0.912688	0.408657	0	0	0	1	
0	0	0	-0.34202	-0.939693	0	0.939693	-0.34202	0	0	0	1	
0.36	0	0	0.577337	0.816506	0	-0.816506	0.577337	0	0	0	1	
0	0.370264	0	1	0	0	0	0	-1	0	1	0	
15.4162
0	0	0	1	0	0	0	1	0	0	0	1	
26.5366	3.9986	0.679647	0.998142	-0.00463054	0.0607494	0.00471203	0.999988	-0.00119816	-0.0607431	0.00148219	0.998152	
0	0	0	-4.37114e-008	-1	0	1	-4.37114e-008	0	0	0	1	
-0.165	0.37	0	-0.00259094	0	-0.999997	-0.999997	0	0.00259094	0	1	0	
0	0	0	0.567242	0	-0.823551	0.823551	0	0.567242	0	-1	0	
0.24	0	0	-0.0152727	0.999883	0	-0.999883	-0.0152727	0	0	0	1	
-0.14	0	0	0.885488	0.464662	0	-0.464662	0.885488	0	0	0	1	
0	0.414873	0	1	0	0	0	0	-1	0	1	0	
0.165	0.37	0	-0.00266759	0	-0.999996	-0.999996	0	0.00266759	0	1	0	
0	0	0	0.564446	0	-0.82547	0.82547	0	0.564446	0	-1	0	
0.24	0	0	-0.0133436	0.999911	0	-0.999911	-0.0133436	0	0	0	1	
-0.14	0	0	0.884464	0.466608	0	-0.466608	0.884464	0	0	0	1	
0	0.414692	0	1	0	0	0	0	-1	0	1	0	
-0.165	-0.69	0	-0.00365714	0	-0.999993	-0.999993	0	0.00365714	0	1	0	
0	0	0	0.945114	0	0.326741	0.326741	0	-0.945114	0	1	0	
0.24	0	0	0.452767	0.891629	0	-0.891629	0.452767	0	0	0	1	
0	0	0	-0.34202	-0.939693	0	0.939693	-0.34202	0	0	0	1	
0.36	0	0	0.564324	0.825553	0	-0.825553	0.564324	0	0	0	1	
0	0.36833	0	1	0	0	0	0	-1	0	1	0	
0.165	-0.69	0	-0.00574006	0	-0.999984	-0.999984	0	0.00574006	0	1	0	
0	0	0	0.945795	0	0.324765	0.324765	0	-0.945795	0	1	0	
0.24	0	0	0.452739	0.891643	0	-0.891643	0.452739	0	0	0	1	
0	0	0	-0.34202	-0.939693	0	0.939693	-0.34202	0	0	0	1	
0.36	0	0	0.564336	0.825546	0	-0.825546	0.564336	0	0	0	1	
0	0.368365	0	1	0	0	0	0	-1	0	1	0	
15.4265
0	0	0	1	0	0	0	1	0	0	0	1	
26.5577	3.99857	0.683963	0.99915	-0.0043336	0.0410051	0.00437382	0.99999	-0.000891051	-0.0410008	0.00106964	0.999159	
0	0	0	-4.37114e-008	-1	0	1	-4.37114e-008	0	0	0	1	
-0.165	0.37	0	-0.00247137	0	-0.999997	-0.999997	0	0.00247137	0	1	0	
0	0	0	0.611812	0	-0.791003	0.791003	0	0.611812	0	-1	0	
0.24	0	0	-0.0336749	0.999433	0	-0.999433	-0.0336749	0	0	0	1	
-0.14	0	0	0.895023	0.44602	0	-0.44602	0.895023	0	0	0	1	
0	0.416639	0	1	0	0	0	0	-1	0	1	0	
0.165	0.37	0	-0.00302796	0	-0.999995	-0.999995	0	0.00302796	0	1	0	
0	0	0	0.61068	0	-0.791877	0.791877	0	0.61068	0	-1	0	
0.24	0	0	-0.031852	0.999493	0	-0.999493	-0.031852	0	0	0	1	
-0.14	0	0	0.894101	0.447866	0	-0.447866	0.894101	0	0	0	1	
0	0.416467	0	1	0	0	0	0	-1	0	1	0	
-0.165	-0.69	0	-0.00140624	0	-0.999999	-0.999999	0	0.00140624	0	1	0	
0	0	0	0.951132	0	0.308784	0.308784	0	-0.951132	0	1	0	
0.24	0	0	0.44067	0.897669	0	-0.897669	0.44067	0	0	0	1	
0	0	0	-0.34202	-0.939693	0	0.939693	-0.34202	0	0	0	1	
0.36	0	0	0.568261	0.822848	0	-0.822848	0.568261	0	0	0	1	
0	0.369862	0	1	0	0	0	0	-1	0	1	0	
0.165	-0.69	0	-0.00447968	0	-0.99999	-0.99999	0	0.00447968	0	1	0	
0	0	0	0.951221	0	0.308511	0.308511	0	-0.951221	0	1	0	
0.24	0	0	0.438785	0.898592	0	-0.898592	0.438785	0	0	0	1	
0	0	0	-0.34202	-0.939693	0	0.939693	-0.34202	0	0	0	1	
0.36	0	0	0.568844	0.822446	0	-0.822446	0.568844	0	0	0	1	
0	0.370003	0	1	0	0	0	0	-1	0	1	0	
15.4367
0	0	0	1	0	0	0	1	0	0	0	1	
26.5782	3.99855	0.685807	0.999742	-0.00403062	0.0223639	0.00404686	0.999992	-0.000681112	-0.022361	0.00077144	0.99975	
0	0	0	-4.37114e-008	-1	0	1	-4.37114e-008	0	0	0	1	
-0.165	0.37	0	-0.00229482	0	-0.999997	-0.999997	0	0.00229482	0	1	0	
0	0	0	0.632338	0	-0.774692	0.774692	0	0.632338	0	-1	0	
0.24	0	0	-0.0471858	0.998886	0	-0.998886	-0.0471858	0	0	0	1	
-0.14	0	0	0.901817	0.432118	0	-0.432118	0.901817	0	0	0	1	
0	0.417946	0	1	0	0	0	0	-1	0	1	0	
0.165	0.37	0	-0.00338558	0	-0.999994	-0.999994	0	0.00338558	0	1	0	
0	0	0	0.632635	0	-0.77445	0.77445	0	0.632635	0	-1	0	
0.24	0	0	-0.0464142	0.998922	0	-0.998922	-0.0464142	0	0	0	1	
-0.14	0	0	0.901427	0.432931	0	-0.432931	0.901427	0	0	0	1	
0	0.41787	0	1	0	0	0	0	-1	0	1	0	
-0.165	-0.69	0	6.51638e-005	0	-1	-1	0	-6.51638e-005	0	1	0	
0	0	0	0.944649	0	0.328082	0.328082	0	-0.944649	0	1	0	
0.24	0	0	0.388341	0.921516	0	-0.921516	0.388341	0	0	0	1	
0	0	0	-0.34202	-0.939693	0	0.939693	-0.34202	0	0	0	1	
0.36	0	0	0.583903	0.811824	0	-0.811824	0.583903	0	0	0	1	
0	0.373698	0	1	0	0	0	0	-1	0	1	0	
0.165	-0.69	0	-0.00357035	0	-0.999994	-0.999994	0	0.00357035	0	1	0	
0	0	0	0.94423	0	0.329287	0.329287	0	-0.94423	0	1	0	
0.24	0	0	0.385342	0.922774	0	-0.922774	0.385342	0	0	0	1	
0	0	0	-0.34202	-0.939693	0	0.939693	-0.34202	0	0	0	1	
0.36	0	0	0.584754	0.81121	0	-0.81121	0.584754	0	0	0	1	
0	0.373917	0	1	0	0	0	0	-1	0	1	0	
15.447
0	0	0	1	0	0	0	1	0	0	0	1	
26.5983	3.99852	0.685612	0.999983	-0.00372202	0.00451661	0.00372397	0.999993	-0.000424854	-0.004515	0.000441667	0.99999	
0	0	0	-4.37114e-008	-1	0	1	-4.37114e-008	0	0	0	1	
-0.165	0.37	0	-0.00213329	0	-0.999998	-0.999998	0	0.00213329	0	1	0	
0	0	0	0.642049	0	-0.766663	0.766663	0	0.642049	0	-1	0	
0.24	0	0	-0.0406375	0.999174	0	-0.999174	-0.0406375	0	0	0	1	
-0.14	0	0	0.898729	0.438505	0	-0.438505	0.898729	0	0	0	1	
0	0.417283	0	1	0	0	0	0	-1	0	1	0	
0.165	0.37	0	-0.00345401	0	-0.999994	-0.999994	0	0.00345401	0	1	0	
0	0	0	0.64269	0	-0.766127	0.766127	0	0.64269	0	-1	0	
0.24	0	0	-0.0417399	0.999129	0	-0.999129	-0.0417399	0	0	0	1	
-0.14	0	0	0.899269	0.437397	0	-0.437397	0.899269	0	0	0	1	
0	0.417397	0	1	0	0	0	0	-1	0	1	0	
-0.165	-0.69	0	0.000806169	0	-1	-1	0	-0.000806169	0	1	0	
0	0	0	0.928116	0	0.372291	0.372291	0	-0.928116	0	1	0	
0.24	0	0	0.324531	0.945875	0	-0.945875	0.324531	0	0	0	1	
0	0	0	-0.34202	-0.939693	0	0.939693	-0.34202	0	0	0	1	
0.36	0	0	0.601427	0.798928	0	-0.798928	0.601427	0	0	0	1	
0	0.378504	0	1	0	0	0	0	-1	0	1	0	
0.165	-0.69	0	-0.00268153	0	-0.999996	-0.999996	0	0.00268153	0	1	0	
0	0	0	0.927141	0	0.374712	0.374712	0	-0.927141	0	1	0	
0.24	0	0	0.321515	0.946905	0	-0.946905	0.321515	0	0	0	1	
0	0	0	-0.34202	-0.939693	0	0.939693	-0.34202	0	0	0	1	
0.36	0	0	0.602194	0.798349	0	-0.798349	0.602194	0	0	0	1	
0	0.378752	0	1	0	0	0	0	-1	0	1	0	
15.4572
0	0	0	1	0	0	0	1	0	0	0	1	
26.6184	3.9985	0.683781	0.999913	-0.00340838	-0.0127593	0.00340654	0.999994	-0.000165832	0.0127598	0.000122352	0.999919	
0	0	0	-4.37114e-008	-1	0	1	-4.37114e-008	0	0	0	1	
-0.165	0.37	0	-0.00207214	0	-0.999998	-0.999998	0	0.00207214	0	1	0	
0	0	0	0.649079	0	-0.760721	0.760721	0	0.649079	0	-1	0	
0.24	0	0	-0.0202752	0.999794	0	-0.999794	-0.0202752	0	0	0	1	
-0.14	0	0	0.888376	0.459116	0	-0.459116	0.888376	0	0	0	1	
0	0.415231	0	1	0	0	0	0	-1	0	1	0	
0.165	0.37	0	-0.00332133	0	-0.999994	-0.999994	0	0.00332133	0	1	0	
0	0	0	0.649722	0	-0.760172	0.760172	0	0.649722	0	-1	0	
0.24	0	0	-0.0221758	0.999754	0	-0.999754	-0.0221758	0	0	0	1	
-0.14	0	0	0.889369	0.45719	0	-0.45719	0.889369	0	0	0	1	
0	0.415422	0	1	0	0	0	0	-1	0	1	0	
-0.165	-0.69	0	0.00110622	0	-0.999999	-0.999999	0	-0.00110622	0	1	0	
0	0	0	0.901518	0	0.432741	0.432741	0	-0.901518	0	1	0	
0.24	0	0	0.266862	0.963735	0	-0.963735	0.266862	0	0	0	1	
0	0	0	-0.34202	-0.939693	0	0.939693	-0.34202	0	0	0	1	
0.36	0	0	0.615349	0.788255	0	-0.788255	0.615349	0	0	0	1	
0	0.383566	0	1	0	0	0	0	-1	0	1	0	
0.165	-0.69	0	-0.00190393	0	-0.999998	-0.999998	0	0.00190393	0	1	0	
0	0	0	0.899897	0	0.436102	0.436102	0	-0.899897	0	1	0	
0.24	0	0	0.264278	0.964447	0	-0.964447	0.264278	0	0	0	1	
0	0	0	-0.34202	-0.939693	0	0.939693	-0.34202	0	0	0	1	
0.36	0	0	0.615941	0.787792	0	-0.787792	0.615941	0	0	0	1	
0	0.383801	0	1	0	0	0	0	-1	0	1	0	
15.4675
0	0	0	1	0	0	0	1	0	0	0	1	
26.6386	3.99847	0.680316	0.999565	-0.00309066	-0.0293231	0.00309413	0.999995	7.30464e-005	0.0293227	-0.000163744	0.99957	
0	0	0	-4.37114e-008	-1	0	1	-4.37114e-008	0	0	0	1	
-0.165	0.37	0	-0.00204901	0	-0.999998	-0.999998	0	0.00204901	0	1	0	
0	0	0	0.655792	0	-0.754942	0.754942	0	0.655792	0	-1	0	
0.24	0	0	0.0012513	0.999999	0	-0.999999	0.0012513	0	0	0	1	
-0.14	0	0	0.876784	0.480884	0	-0.480884	0.876784	0	0	0	1	
0	0.413122	0	1	0	0	0	0	-1	0	1	0	
0.165	0.37	0	-0.00311414	0	-0.999995	-0.999995	0	0.00311414	0	1	0	
0	0	0	0.65633	0	-0.754474	0.754474	0	0.65633	0	-1	0	
0.24	0	0	-0.000454708	1	0	-1	-0.000454708	0	0	0	1	
-0.14	0	0	0.877727	0.479161	0	-0.479161	0.877727	0	0	0	1	
0	0.413287	0	1	0	0	0	0	-1	0	1	0	
-0.165	-0.69	0	0.00129171	0	-0.999999	-0.999999	0	-0.00129171	0	1	0	
0	0	0	0.858931	0	0.512092	0.512092	0	-0.858931	0	1	0	
0.24	0	0	0.21582	0.976433	0	-0.976433	0.21582	0	0	0	1	
0	0	0	-0.34202	-0.939693	0	0.939693	-0.34202	0	0	0	1	
0.36	0	0	0.62642	0.779486	0	-0.779486	0.62642	0	0	0	1	
0	0.388455	0	1	0	0	0	0	-1	0	1	0	
0.165	-0.69	0	-0.001339	0	-0.999999	-0.999999	0	0.001339	0	1	0	
0	0	0	0.856573	0	0.516026	0.516026	0	-0.856573	0	1	0	
0.24	0	0	0.213923	0.97685	0	-0.97685	0.213923	0	0	0	1	
0	0	0	-0.34202	-0.939693	0	0.939693	-0.34202	0	0	0	1	
0.36	0	0	0.626814	0.779169	0	-0.779169	0.626814	0	0	0	1	
0	0.388644	0	1	0	0	0	0	-1	0	1	0	
15.4777
0	0	0	1	0	0	0	1	0	0	0	1	
26.659	3.99844	0.675378	0.998968	-0.00277062	-0.0453451	0.00278609	0.999996	0.000278049	0.0453442	-0.000404097	0.998971	
0	0	0	-4.37114e-008	-1	0	1	-4.37114e-008	0	0	0	1	
-0.165	0.37	0	-0.00203769	0	-0.999998	-0.999998	0	0.00203769	0	1	0	
0	0	0	0.663263	0	-0.748386	0.748386	0	0.663263	0	-1	0	
0.24	0	0	0.0149066	0.999889	0	-0.999889	0.0149066	0	0	0	1	
-0.14	0	0	0.86911	0.494619	0	-0.494619	0.86911	0	0	0	1	
0	0.41194	0	1	0	0	0	0	-1	0	1	0	
0.165	0.37	0	-0.00287739	0	-0.999996	-0.999996	0	0.00287739	0	1	0	
0	0	0	0.663693	0	-0.748006	0.748006	0	0.663693	0	-1	0	
0.24	0	0	0.0142313	0.999899	0	-0.999899	0.0142313	0	0	0	1	
-0.14	0	0	0.869493	0.493944	0	-0.493944	0.869493	0	0	0	1	
0	0.411984	0	1	0	0	0	0	-1	0	1	0	
-0.165	-0.69	0	0.00136788	0	-0.999999	-0.999999	0	-0.00136788	0	1	0	
0	0	0	0.797541	0	0.603265	0.603265	0	-0.797541	0	1	0	
0.24	0	0	0.176065	0.984379	0	-0.984379	0.176065	0	0	0	1	
0	0	0	-0.34202	-0.939693	0	0.939693	-0.34202	0	0	0	1	
0.36	0	0	0.634323	0.773068	0	-0.773068	0.634323	0	0	0	1	
0	0.39256	0	1	0	0	0	0	-1	0	1	0	
0.165	-0.69	0	-0.000842615	0	-1	-1	0	0.000842615	0	1	0	
0	0	0	0.794411	0	0.607381	0.607381	0	-0.794411	0	1	0	
0.24	0	0	0.174737	0.984615	0	-0.984615	0.174737	0	0	0	1	
0	0	0	-0.34202	-0.939693	0	0.939693	-0.34202	0	0	0	1	
0.36	0	0	0.634577	0.77286	0	-0.77286	0.634577	0	0	0	1	
0	0.392706	0	1	0	0	0	0	-1	0	1	0	
15.488
0	0	0	1	0	0	0	1	0	0	0	1	
26.6798	3.99841	0.669177	0.998127	-0.00244907	-0.0611275	0.00248073	0.999997	0.000441997	0.0611263	-0.00059281	0.99813	
0	0	0	-4.37114e-008	-1	0	1	-4.37114e-008	0	0	0	1	
-0.165	0.37	0	-0.00202445	0	-0.999998	-0.999998	0	0.00202445	0	1	0	
0	0	0	0.672095	0	-0.740465	0.740465	0	0.672095	0	-1	0	
0.24	0	0	0.0172705	0.999851	0	-0.999851	0.0172705	0	0	0	1	
-0.14	0	0	0.867805	0.496905	0	-0.496905	0.867805	0	0	0	1	
0	0.41187	0	1	0	0	0	0	-1	0	1	0	
0.165	0.37	0	-0.00262813	0	-0.999997	-0.999997	0	0.00262813	0	1	0	
0	0	0	0.672341	0	-0.740242	0.740242	0	0.672341	0	-1	0	
0.24	0	0	0.0172479	0.999851	0	-0.999851	0.0172479	0	0	0	1	
-0.14	0	0	0.867815	0.496888	0	-0.496888	0.867815	0	0	0	1	
0	0.411861	0	1	0	0	0	0	-1	0	1	0	
-0.165	-0.69	0	0.00133093	0	-0.999999	-0.999999	0	-0.00133093	0	1	0	
0	0	0	0.717143	0	0.696926	0.696926	0	-0.717143	0	1	0	
0.24	0	0	0.14708	0.989125	0	-0.989125	0.14708	0	0	0	1	
0	0	0	-0.34202	-0.939693	0	0.939693	-0.34202	0	0	0	1	
0.36	0	0	0.639695	0.768629	0	-0.768629	0.639695	0	0	0	1	
0	0.395784	0	1	0	0	0	0	-1	0	1	0	
0.165	-0.69	0	-0.00033073	0	-1	-1	0	0.00033073	0	1	0	
0	0	0	0.71332	0	0.700838	0.700838	0	-0.71332	0	1	0	
0.24	0	0	0.146046	0.989278	0	-0.989278	0.146046	0	0	0	1	
0	0	0	-0.34202	-0.939693	0	0.939693	-0.34202	0	0	0	1	
0.36	0	0	0.639879	0.768475	0	-0.768475	0.639879	0	0	0	1	
0	0.395907	0	1	0	0	0	0	-1	0	1	0	
15.4982
0	0	0	1	0	0	0	1	0	0	0	1	
26.701	3.99838	0.661902	0.997029	-0.00212672	-0.0770032	0.00217578	0.999997	0.00055327	0.0770018	-0.000719168	0.997031	
0	0	0	-4.37114e-008	-1	0	1	-4.37114e-008	0	0	0	1	
-0.165	0.37	0	-0.00199012	0	-0.999998	-0.999998	0	0.00199012	0	1	0	
0	0	0	0.682749	0	-0.730653	0.730653	0	0.682749	0	-1	0	
0.24	0	0	0.0155014	0.99988	0	-0.99988	0.0155014	0	0	0	1	
-0.14	0	0	0.868859	0.495059	0	-0.495059	0.868859	0	0	0	1	
0	0.412083	0	1	0	0	0	0	-1	0	1	0	
0.165	0.37	0	-0.00238315	0	-0.999997	-0.999997	0	0.00238315	0	1	0	
0	0	0	0.682853	0	-0.730556	0.730556	0	0.682853	0	-1	0	
0.24	0	0	0.0156497	0.999878	0	-0.999878	0.0156497	0	0	0	1	
-0.14	0	0	0.868773	0.49521	0	-0.49521	0.868773	0	0	0	1	
0	0.412066	0	1	0	0	0	0	-1	0	1	0	
-0.165	-0.69	0	0.00121541	0	-0.999999	-0.999999	0	-0.00121541	0	1	0	
0	0	0	0.620394	0	0.78429	0.78429	0	-0.620394	0	1	0	
0.24	0	0	0.124644	0.992202	0	-0.992202	0.124644	0	0	0	1	
0	0	0	-0.34202	-0.939693	0	0.939693	-0.34202	0	0	0	1	
0.36	0	0	0.643597	0.765365	0	-0.765365	0.643597	0	0	0	1	
0	0.398477	0	1	0	0	0	0	-1	0	1	0	
0.165	-0.69	0	0.000207619	0	-1	-1	0	-0.000207619	0	1	0	
0	0	0	0.616084	0	0.787681	0.787681	0	-0.616084	0	1	0	
0.24	0	0	0.123578	0.992335	0	-0.992335	0.123578	0	0	0	1	
0	0	0	-0.34202	-0.939693	0	0.939693	-0.34202	0	0	0	1	
0.36	0	0	0.643769	0.76522	0	-0.76522	0.643769	0	0	0	1	
0	0.398614	0	1	0	0	0	0	-1	0	1	0	
15.5085
0	0	0	1	0	0	0	1	0	0	0	1	
26.7226	3.99834	0.653713	0.995643	-0.00180538	-0.093234	0.0018716	0.999998	0.000622808	0.0932326	-0.000794591	0.995644	
0	0	0	-4.37114e-008	-1	0	1	-4.37114e-008	0	0	0	1	
-0.165	0.37	0	-0.00191872	0	-0.999998	-0.999998	0	0.00191872	0	1	0	
0	0	0	0.69458	0	-0.719415	0.719415	0	0.69458	0	-1	0	
0.24	0	0	0.0131816	0.999913	0	-0.999913	0.0131816	0	0	0	1	
-0.14	0	0	0.870208	0.492685	0	-0.492685	0.870208	0	0	0	1	
0	0.412285	0	1	0	0	0	0	-1	0	1	0	
0.165	0.37	0	-0.00213282	0	-0.999998	-0.999998	0	0.00213282	0	1	0	
0	0	0	0.694613	0	-0.719384	0.719384	0	0.694613	0	-1	0	
0.24	0	0	0.0133192	0.999911	0	-0.999911	0.0133192	0	0	0	1	
-0.14	0	0	0.87013	0.492822	0	-0.492822	0.87013	0	0	0	1	
0	0.412272	0	1	0	0	0	0	-1	0	1	0	
-0.165	-0.69	0	0.00107892	0	-0.999999	-0.999999	0	-0.00107892	0	1	0	
0	0	0	0.512595	0	0.85863	0.85863	0	-0.512595	0	1	0	
0.24	0	0	0.0997671	0.995011	0	-0.995011	0.0997671	0	0	0	1	
0	0	0	-0.34202	-0.939693	0	0.939693	-0.34202	0	0	0	1	
0.36	0	0	0.647606	0.761976	0	-0.761976	0.647606	0	0	0	1	
0	0.401571	0	1	0	0	0	0	-1	0	1	0	
0.165	-0.69	0	0.00075324	0	-1	-1	0	-0.00075324	0	1	0	
0	0	0	0.508143	0	0.861273	0.861273	0	-0.508143	0	1	0	
0.24	0	0	0.0984531	0.995142	0	-0.995142	0.0984531	0	0	0	1	
0	0	0	-0.34202	-0.939693	0	0.939693	-0.34202	0	0	0	1	
0.36	0	0	0.64781	0.761802	0	-0.761802	0.64781	0	0	0	1	
0	0.40173	0	1	0	0	0	0	-1	0	1	0	
15.5187
0	0	0	1	0	0	0	1	0	0	0	1	
26.7443	3.9983	0.644753	0.993931	-0.00148584	-0.109993	0.00156815	0.999999	0.000661847	0.109991	-0.000830316	0.993932	
0	0	0	-4.37114e-008	-1	0	1	-4.37114e-008	0	0	0	1	
-0.165	0.37	0	-0.00181703	0	-0.999998	-0.999998	0	0.00181703	0	1	0	
0	0	0	0.706977	0	-0.707236	0.707236	0	0.706977	0	-1	0	
0.24	0	0	0.0115467	0.999933	0	-0.999933	0.0115467	0	0	0	1	
-0.14	0	0	0.871154	0.49101	0	-0.49101	0.871154	0	0	0	1	
0	0.412402	0	1	0	0	0	0	-1	0	1	0	
0.165	0.37	0	-0.00187592	0	-0.999998	-0.999998	0	0.00187592	0	1	0	
0	0	0	0.706985	0	-0.707228	0.707228	0	0.706985	0	-1	0	
0.24	0	0	0.0116257	0.999932	0	-0.999932	0.0116257	0	0	0	1	
-0.14	0	0	0.871111	0.491087	0	-0.491087	0.871111	0	0	0	1	
0	0.412396	0	1	0	0	0	0	-1	0	1	0	
-0.165	-0.69	0	0.000957326	0	-1	-1	0	-0.000957326	0	1	0	
0	0	0	0.402227	0	0.91554	0.91554	0	-0.402227	0	1	0	
0.24	0	0	0.0739732	0.99726	0	-0.99726	0.0739732	0	0	0	1	
0	0	0	-0.34202	-0.939693	0	0.939693	-0.34202	0	0	0	1	
0.36	0	0	0.651549	0.758607	0	-0.758607	0.651549	0	0	0	1	
0	0.404711	0	1	0	0	0	0	-1	0	1	0	
0.165	-0.69	0	0.00127681	0	-0.999999	-0.999999	0	-0.00127681	0	1	0	
0	0	0	0.398037	0	0.917369	0.917369	0	-0.398037	0	1	0	
0.24	0	0	0.0727606	0.997349	0	-0.997349	0.0727606	0	0	0	1	
0	0	0	-0.34202	-0.939693	0	0.939693	-0.34202	0	0	0	1	
0.36	0	0	0.651726	0.758455	0	-0.758455	0.651726	0	0	0	1	
0	0.404858	0	1	0	0	0	0	-1	0	1	0	
15.529
0	0	0	1	0	0	0	1	0	0	0	1	
26.766	3.99826	0.635128	0.991862	-0.00116995	-0.127309	0.00126671	0.999999	0.000679149	0.127309	-0.000834887	0.991863	
0	0	0	-4.37114e-008	-1	0	1	-4.37114e-008	0	0	0	1	
-0.165	0.37	0	-0.0017014	0	-0.999999	-0.999999	0	0.0017014	0	1	0	
0	0	0	0.719562	0	-0.694428	0.694428	0	0.719562	0	-1	0	
0.24	0	0	0.0106176	0.999944	0	-0.999944	0.0106176	0	0	0	1	
-0.14	0	0	0.871701	0.490038	0	-0.490038	0.871701	0	0	0	1	
0	0.412464	0	1	0	0	0	0	-1	0	1	0	
0.165	0.37	0	-0.00161402	0	-0.999999	-0.999999	0	0.00161402	0	1	0	
0	0	0	0.719569	0	-0.694421	0.694421	0	0.719569	0	-1	0	
0.24	0	0	0.0106717	0.999943	0	-0.999943	0.0106717	0	0	0	1	
-0.14	0	0	0.871672	0.49009	0	-0.49009	0.871672	0	0	0	1	
0	0.412459	0	1	0	0	0	0	-1	0	1	0	
-0.165	-0.69	0	0.000886158	0	-1	-1	0	-0.000886158	0	1	0	
0	0	0	0.298036	0	0.954555	0.954555	0	-0.298036	0	1	0	
0.24	0	0	0.0520314	0.998645	0	-0.998645	0.0520314	0	0	0	1	
0	0	0	-0.34202	-0.939693	0	0.939693	-0.34202	0	0	0	1	
0.36	0	0	0.654707	0.755883	0	-0.755883	0.654707	0	0	0	1	
0	0.407405	0	1	0	0	0	0	-1	0	1	0	
0.165	-0.69	0	0.00173064	0	-0.999999	-0.999999	0	-0.00173064	0	1	0	
0	0	0	0.294487	0	0.955656	0.955656	0	-0.294487	0	1	0	
0.24	0	0	0.0510968	0.998694	0	-0.998694	0.0510968	0	0	0	1	
0	0	0	-0.34202	-0.939693	0	0.939693	-0.34202	0	0	0	1	
0.36	0	0	0.654834	0.755772	0	-0.755772	0.654834	0	0	0	1	
0	0.407521	0	1	0	0	0	0	-1	0	1	0	
15.5392
0	0	0	1	0	0	0	1	0	0	0	1	
26.7875	3.99822	0.62492	0.989424	-0.000859039	-0.14505	0.000967766	0.999999	0.000679026	0.145049	-0.000812219	0.989424	
0	0	0	-4.37114e-008	-1	0	1	-4.37114e-008	0	0	0	1	
-0.165	0.37	0	-0.00159435	0	-0.999999	-0.999999	0	0.00159435	0	1	0	
0	0	0	0.732136	0	-0.681159	0.681159	0	0.732136	0	-1	0	
0.24	0	0	0.0101569	0.999948	0	-0.999948	0.0101569	0	0	0	1	
-0.14	0	0	0.871991	0.489522	0	-0.489522	0.871991	0	0	0	1	
0	0.412489	0	1	0	0	0	0	-1	0	1	0	
0.165	0.37	0	-0.00134544	0	-0.999999	-0.999999	0	0.00134544	0	1	0	
0	0	0	0.732143	0	-0.681151	0.681151	0	0.732143	0	-1	0	
0.24	0	0	0.0101786	0.999948	0	-0.999948	0.0101786	0	0	0	1	
-0.14	0	0	0.871979	0.489543	0	-0.489543	0.871979	0	0	0	1	
0	0.412487	0	1	0	0	0	0	-1	0	1	0	
-0.165	-0.69	0	0.000891165	0	-1	-1	0	-0.000891165	0	1	0	
0	0	0	0.208461	0	0.978031	0.978031	0	-0.208461	0	1	0	
0.24	0	0	0.036167	0.999346	0	-0.999346	0.036167	0	0	0	1	
0	0	0	-0.34202	-0.939693	0	0.939693	-0.34202	0	0	0	1	
0.36	0	0	0.656873	0.754001	0	-0.754001	0.656873	0	0	0	1	
0	0.4094	0	1	0	0	0	0	-1	0	1	0	
0.165	-0.69	0	0.00207145	0	-0.999998	-0.999998	0	-0.00207145	0	1	0	
0	0	0	0.205912	0	0.978571	0.978571	0	-0.205912	0	1	0	
0.24	0	0	0.0355687	0.999367	0	-0.999367	0.0355687	0	0	0	1	
0	0	0	-0.34202	-0.939693	0	0.939693	-0.34202	0	0	0	1	
0.36	0	0	0.656949	0.753935	0	-0.753935	0.656949	0	0	0	1	
0	0.409477	0	1	0	0	0	0	-1	0	1	0	
15.5495
0	0	0	1	0	0	0	1	0	0	0	1	
26.8087	3.99818	0.614197	0.986632	-0.000553326	-0.162965	0.000670504	1	0.000664037	0.162965	-0.000764429	0.986632	
0	0	0	-4.37114e-008	-1	0	1	-4.37114e-008	0	0	0	1	
-0.165	0.37	0	-0.00150947	0	-0.999999	-0.999999	0	0.00150947	0	1	0	
0	0	0	0.744553	0	-0.667563	0.667563	0	0.744553	0	-1	0	
0.24	0	0	0.0101198	0.999949	0	-0.999949	0.0101198	0	0	0	1	
-0.14	0	0	0.872045	0.489426	0	-0.489426	0.872045	0	0	0	1	
0	0.412476	0	1	0	0	0	0	-1	0	1	0	
0.165	0.37	0	-0.00107054	0	-0.999999	-0.999999	0	0.00107054	0	1	0	
0	0	0	0.744562	0	-0.667553	0.667553	0	0.744562	0	-1	0	
0.24	0	0	0.0101117	0.999949	0	-0.999949	0.0101117	0	0	0	1	
-0.14	0	0	0.87205	0.489417	0	-0.489417	0.87205	0	0	0	1	
0	0.412477	0	1	0	0	0	0	-1	0	1	0	
-0.165	-0.69	0	0.000981764	0	-1	-1	0	-0.000981764	0	1	0	
0	0	0	0.141517	0	0.989936	0.989936	0	-0.141517	0	1	0	
0.24	0	0	0.0272899	0.999628	0	-0.999628	0.0272899	0	0	0	1	
0	0	0	-0.34202	-0.939693	0	0.939693	-0.34202	0	0	0	1	
0.36	0	0	0.658046	0.752977	0	-0.752977	0.658046	0	0	0	1	
0	0.41057	0	1	0	0	0	0	-1	0	1	0	
0.165	-0.69	0	0.00228174	0	-0.999997	-0.999997	0	-0.00228174	0	1	0	
0	0	0	0.140301	0	0.990109	0.990109	0	-0.140301	0	1	0	
0.24	0	0	0.0270542	0.999634	0	-0.999634	0.0270542	0	0	0	1	
0	0	0	-0.34202	-0.939693	0	0.939693	-0.34202	0	0	0	1	
0.36	0	0	0.658074	0.752953	0	-0.752953	0.658074	0	0	0	1	
0	0.410604	0	1	0	0	0	0	-1	0	1	0	
15.5597
0	0	0	1	0	0	0	1	0	0	0	1	
26.8286	3.99814	0.603216	0.983532	-0.000263937	-0.180736	0.000383709	1	0.000627726	0.180736	-0.000686739	0.983531	
0	0	0	-4.37114e-008	-1	0	1	-4.37114e-008	0	0	0	1	
