# Robotbuilder playback file

Version 1

Articulation_File	"cube.dm"
Environment_File	"treadmill.env"
Articulation_File_Time	29530742	409283208
Environment_File_Time	29530741	4066298086
Number_Of_Items	3

0
0	0	0	1	0	0	0	1	0	0	0	1	
0	0	2	1	0	0	0	1	0	0	0	1	
0	0	0	0.561168	0	-0.827702	0	1	0	0.827702	0	0.561168	
1e-005
0	0	0	1	0	0	0	1	0	0	0	1	
0	0	2	1	0	0	0	1	0	0	0	1	
0	0	0	0.497571	0	-0.867423	0	1	0	0.867423	0	0.497571	
0.03804
0	0	0	1	0	0	0	1	0	0	0	1	
0	0	1.9929	1	0	0	0	1	0	0	0	1	
0	0	0	0.431176	0	-0.902267	0	1	0	0.902267	0	0.431176	
0.07605
0	0	0	1	0	0	0	1	0	0	0	1	
0	0	1.97163	1	0	0	0	1	0	0	0	1	
0	0	0	0.362358	0	-0.932039	0	1	0	0.932039	0	0.362358	
0.11409
0	0	0	1	0	0	0	1	0	0	0	1	
0	0	1.93615	1	0	0	0	1	0	0	0	1	
0	0	0	0.291502	0	-0.95657	0	1	0	0.95657	0	0.291502	
0.1521
0	0	0	1	0	0	0	1	0	0	0	1	
0	0	1.88652	1	0	0	0	1	0	0	0	1	
0	0	0	0.219007	0	-0.975723	0	1	0	0.975723	0	0.219007	
0.1901
0	0	0	1	0	0	0	1	0	0	0	1	
0	0	1.82274	1	0	0	0	1	0	0	0	1	
0	0	0	0.14528	0	-0.98939	0	1	0	0.98939	0	0.14528	
0.2281
0	0	0	1	0	0	0	1	0	0	0	1	
0	0	1.74478	1	0	0	0	1	0	0	0	1	
0	0	0	0.0707372	0	-0.997495	0	1	0	0.997495	0	0.0707372	
0.2661
0	0	0	1	0	0	0	1	0	0	0	1	
0	0	1.65268	1	0	0	0	1	0	0	0	1	
0	0	0	-0.00420363	0	-0.999991	0	1	0	0.999991	0	-0.00420363	
0.3041
0	0	0	1	0	0	0	1	0	0	0	1	
0	0	1.54643	1	0	0	0	1	0	0	0	1	
0	0	0	-0.0791208	0	-0.996865	0	1	0	0.996865	0	-0.0791208	
0.3421
0	0	0	1	0	0	0	1	0	0	0	1	
0	0	1.42603	1	0	0	0	1	0	0	0	1	
0	0	0	-0.153593	0	-0.988134	0	1	0	0.988134	0	-0.153593	
0.3801
0	0	0	1	0	0	0	1	0	0	0	1	
0	0	1.29148	1	0	0	0	1	0	0	0	1	
0	0	0	-0.227202	0	-0.973847	0	1	0	0.973847	0	-0.227202	
0.4181
0	0	0	1	0	0	0	1	0	0	0	1	
0	0	1.14278	1	0	0	0	1	0	0	0	1	
0	0	0	-0.299533	0	-0.954086	0	1	0	0.954086	0	-0.299533	
0.4561
0	0	0	1	0	0	0	1	0	0	0	1	
0.000145636	0	0.999454	1	0	4.93687e-006	0	1	0	-4.93687e-006	0	1	
0	0	0	-0.370181	0	-0.92896	0	1	0	0.92896	0	-0.370181	
0.4941
0	0	0	1	0	0	0	1	0	0	0	1	
0.00305987	0	0.999454	1	0	1.41714e-005	0	1	0	-1.41714e-005	0	1	
0	0	0	-0.438747	0	-0.898611	0	1	0	0.898611	0	-0.438747	
0.53214
0	0	0	1	0	0	0	1	0	0	0	1	
0.00881481	0	0.999454	1	0	2.32435e-005	0	1	0	-2.32435e-005	0	1	
0	0	0	-0.504846	0	-0.863209	0	1	0	0.863209	0	-0.504846	
0.57018
0	0	0	1	0	0	0	1	0	0	0	1	
0.0174095	0	0.999454	1	0	3.21467e-005	0	1	0	-3.21467e-005	0	1	
0	0	0	-0.568107	0	-0.822955	0	1	0	0.822955	0	-0.568107	
0.60822
0	0	0	1	0	0	0	1	0	0	0	1	
0.0288425	0	0.999454	1	0	4.08842e-005	0	1	0	-4.08842e-005	0	1	
0	0	0	-0.628173	0	-0.778073	0	1	0	0.778073	0	-0.628173	
0.64626
0	0	0	1	0	0	0	1	0	0	0	1	
0.0431131	0	0.999454	1	0	4.94587e-005	0	1	0	-4.94587e-005	0	1	
0	0	0	-0.684708	0	-0.728817	0	1	0	0.728817	0	-0.684708	
0.6843
0	0	0	1	0	0	0	1	0	0	0	1	
0.0602216	0	0.999454	1	0	5.78738e-005	0	1	0	-5.78738e-005	0	1	
0	0	0	-0.737393	0	-0.675463	0	1	0	0.675463	0	-0.737393	
0.72234
0	0	0	1	0	0	0	1	0	0	0	1	
0.0801676	0	0.999454	1	0	6.61324e-005	0	1	0	-6.61324e-005	0	1	
0	0	0	-0.785933	0	-0.618311	0	1	0	0.618311	0	-0.785933	
0.76038
0	0	0	1	0	0	0	1	0	0	0	1	
0.102951	0	0.999454	1	0	7.42365e-005	0	1	0	-7.42365e-005	0	1	
0	0	0	-0.830053	0	-0.557684	0	1	0	0.557684	0	-0.830053	
0.79842
0	0	0	1	0	0	0	1	0	0	0	1	
0.128572	0	0.999454	1	0	8.21903e-005	0	1	0	-8.21903e-005	0	1	
0	0	0	-0.869507	0	-0.49392	0	1	0	0.49392	0	-0.869507	
0.83646
0	0	0	1	0	0	0	1	0	0	0	1	
0.157031	0	0.999454	1	0	8.99957e-005	0	1	0	-8.99957e-005	0	1	
0	0	0	-0.904072	0	-0.42738	0	1	0	0.42738	0	-0.904072	
0.8745
0	0	0	1	0	0	0	1	0	0	0	1	
0.188328	0	0.999454	1	0	9.76555e-005	0	1	0	-9.76555e-005	0	1	
0	0	0	-0.933554	0	-0.358436	0	1	0	0.358436	0	-0.933554	
0.91254
0	0	0	1	0	0	0	1	0	0	0	1	
0.222462	0	0.999454	1	0	0.000105173	0	1	0	-0.000105173	0	1	
0	0	0	-0.957787	0	-0.287478	0	1	0	0.287478	0	-0.957787	
0.95058
0	0	0	1	0	0	0	1	0	0	0	1	
0.259636	0	0.999454	1	0	0.000113416	0	1	0	-0.000113416	0	1	
0	0	0	-0.976635	0	-0.214903	0	1	0	0.214903	0	-0.976635	
0.98862
0	0	0	1	0	0	0	1	0	0	0	1	
0.298346	0	0.999454	1	0	0.000110071	0	1	0	-0.000110071	0	1	
0	0	0	-0.989992	0	-0.14112	0	1	0	0.14112	0	-0.989992	
1.02663
0	0	0	1	0	0	0	1	0	0	0	1	
0.336261	0	0.999454	1	0	0.000106621	0	1	0	-0.000106621	0	1	
0	0	0	-0.997783	0	-0.0665434	0	1	0	0.0665434	0	-0.997783	
1.06463
0	0	0	1	0	0	0	1	0	0	0	1	
0.374258	0	0.999454	1	0	0.000105727	0	1	0	-0.000105727	0	1	
0	0	0	-0.999964	0	0.00840723	0	1	0	-0.00840723	0	-0.999964	
1.10263
0	0	0	1	0	0	0	1	0	0	0	1	
0.412367	0	0.999454	1	0	0.000103453	0	1	0	-0.000103453	0	1	
0	0	0	-0.996523	0	0.0833106	0	1	0	-0.0833106	0	-0.996523	
1.14063
0	0	0	1	0	0	0	1	0	0	0	1	
0.450418	0	0.999454	1	0	0.000101402	0	1	0	-0.000101402	0	1	
0	0	0	-0.987479	0	0.157746	0	1	0	-0.157746	0	-0.987479	
1.17863
0	0	0	1	0	0	0	1	0	0	0	1	
0.48847	0	0.999454	1	0	9.95008e-005	0	1	0	-9.95008e-005	0	1	
0	0	0	-0.972884	0	0.231294	0	1	0	-0.231294	0	-0.972884	
1.21663
0	0	0	1	0	0	0	1	0	0	0	1	
0.526522	0	0.999454	1	0	9.76703e-005	0	1	0	-9.76703e-005	0	1	
0	0	0	-0.952818	0	0.303541	0	1	0	-0.303541	0	-0.952818	
1.25463
0	0	0	1	0	0	0	1	0	0	0	1	
0.564573	0	0.999454	1	0	9.58827e-005	0	1	0	-9.58827e-005	0	1	
0	0	0	-0.927395	0	0.374082	0	1	0	-0.374082	0	-0.927395	
1.29263
0	0	0	1	0	0	0	1	0	0	0	1	
0.602625	0	0.999454	1	0	9.41278e-005	0	1	0	-9.41278e-005	0	1	
0	0	0	-0.896758	0	0.44252	0	1	0	-0.44252	0	-0.896758	
1.33063
0	0	0	1	0	0	0	1	0	0	0	1	
0.640676	0	0.999454	1	0	9.24045e-005	0	1	0	-9.24045e-005	0	1	
0	0	0	-0.861079	0	0.50847	0	1	0	-0.50847	0	-0.861079	
1.36863
0	0	0	1	0	0	0	1	0	0	0	1	
0.678728	0	0.999454	1	0	9.07128e-005	0	1	0	-9.07128e-005	0	1	
0	0	0	-0.820559	0	0.571561	0	1	0	-0.571561	0	-0.820559	
1.40663
0	0	0	1	0	0	0	1	0	0	0	1	
0.71678	0	0.999454	1	0	8.90536e-005	0	1	0	-8.90536e-005	0	1	
0	0	0	-0.775425	0	0.631438	0	1	0	-0.631438	0	-0.775425	
1.44463
0	0	0	1	0	0	0	1	0	0	0	1	
0.754831	0	0.999454	1	0	8.74267e-005	0	1	0	-8.74267e-005	0	1	
0	0	0	-0.725932	0	0.687766	0	1	0	-0.687766	0	-0.725932	
1.48263
0	0	0	1	0	0	0	1	0	0	0	1	
0.792883	0	0.999454	1	0	8.58294e-005	0	1	0	-8.58294e-005	0	1	
0	0	0	-0.672357	0	0.740226	0	1	0	-0.740226	0	-0.672357	
1.52063
0	0	0	1	0	0	0	1	0	0	0	1	
0.830934	0	0.999454	1	0	8.42616e-005	0	1	0	-8.42616e-005	0	1	
0	0	0	-0.615002	0	0.788525	0	1	0	-0.788525	0	-0.615002	
1.55863
0	0	0	1	0	0	0	1	0	0	0	1	
0.868986	0	0.999454	1	0	8.27232e-005	0	1	0	-8.27232e-005	0	1	
0	0	0	-0.554189	0	0.83239	0	1	0	-0.83239	0	-0.554189	
1.59663
0	0	0	1	0	0	0	1	0	0	0	1	
0.907038	0	0.999454	1	0	8.12129e-005	0	1	0	-8.12129e-005	0	1	
0	0	0	-0.490261	0	0.871575	0	1	0	-0.871575	0	-0.490261	
1.63463
0	0	0	1	0	0	0	1	0	0	0	1	
0.945089	0	0.999454	1	0	7.97306e-005	0	1	0	-7.97306e-005	0	1	
0	0	0	-0.423576	0	0.90586	0	1	0	-0.90586	0	-0.423576	
1.67263
0	0	0	1	0	0	0	1	0	0	0	1	
0.983141	0	0.999454	1	0	7.82763e-005	0	1	0	-7.82763e-005	0	1	
0	0	0	-0.354509	0	0.935052	0	1	0	-0.935052	0	-0.354509	
1.71063
0	0	0	1	0	0	0	1	0	0	0	1	
1.02119	0	0.999454	1	0	7.68485e-005	0	1	0	-7.68485e-005	0	1	
0	0	0	-0.283449	0	0.958987	0	1	0	-0.958987	0	-0.283449	
1.74863
0	0	0	1	0	0	0	1	0	0	0	1	
1.05924	0	0.999454	1	0	7.54472e-005	0	1	0	-7.54472e-005	0	1	
0	0	0	-0.210796	0	0.97753	0	1	0	-0.97753	0	-0.210796	
1.78663
0	0	0	1	0	0	0	1	0	0	0	1	
1.0973	0	0.999454	1	0	7.40717e-005	0	1	0	-7.40717e-005	0	1	
0	0	0	-0.136957	0	0.990577	0	1	0	-0.990577	0	-0.136957	
1.82463
0	0	0	1	0	0	0	1	0	0	0	1	
1.13535	0	0.999454	1	0	7.27218e-005	0	1	0	-7.27218e-005	0	1	
0	0	0	-0.0623486	0	0.998054	0	1	0	-0.998054	0	-0.0623486	
1.86263
0	0	0	1	0	0	0	1	0	0	0	1	
1.1734	0	0.999454	1	0	7.13968e-005	0	1	0	-7.13968e-005	0	1	
0	0	0	0.0126106	0	0.99992	0	1	0	-0.99992	0	0.0126106	
1.90063
0	0	0	1	0	0	0	1	0	0	0	1	
1.21145	0	0.999454	1	0	7.00973e-005	0	1	0	-7.00973e-005	0	1	
0	0	0	0.0874989	0	0.996164	0	1	0	-0.996164	0	0.0874989	
1.93863
0	0	0	1	0	0	0	1	0	0	0	1	
1.2495	0	0.999454	1	0	6.88233e-005	0	1	0	-6.88233e-005	0	1	
0	0	0	0.161895	0	0.986807	0	1	0	-0.986807	0	0.161895	
1.97663
0	0	0	1	0	0	0	1	0	0	0	1	
1.28755	0	0.999454	1	0	6.75725e-005	0	1	0	-6.75725e-005	0	1	
0	0	0	0.235381	0	0.971903	0	1	0	-0.971903	0	0.235381	
2.01463
0	0	0	1	0	0	0	1	0	0	0	1	
1.32561	0	0.999454	1	0	6.63443e-005	0	1	0	-6.63443e-005	0	1	
0	0	0	0.307544	0	0.951533	0	1	0	-0.951533	0	0.307544	
2.05263
0	0	0	1	0	0	0	1	0	0	0	1	
1.36366	0	0.999454	1	0	6.51381e-005	0	1	0	-6.51381e-005	0	1	
0	0	0	0.377977	0	0.925814	0	1	0	-0.925814	0	0.377977	
2.09063
0	0	0	1	0	0	0	1	0	0	0	1	
1.40171	0	0.999454	1	0	6.39535e-005	0	1	0	-6.39535e-005	0	1	
0	0	0	0.446286	0	0.89489	0	1	0	-0.89489	0	0.446286	
2.12863
0	0	0	1	0	0	0	1	0	0	0	1	
1.43976	0	0.999454	1	0	6.27922e-005	0	1	0	-6.27922e-005	0	1	
0	0	0	0.512085	0	0.858934	0	1	0	-0.858934	0	0.512085	
2.16663
0	0	0	1	0	0	0	1	0	0	0	1	
1.47781	0	0.999454	1	0	6.16552e-005	0	1	0	-6.16552e-005	0	1	
0	0	0	0.575005	0	0.818149	0	1	0	-0.818149	0	0.575005	
2.20463
0	0	0	1	0	0	0	1	0	0	0	1	
1.51586	0	0.999454	1	0	6.05343e-005	0	1	0	-6.05343e-005	0	1	
0	0	0	0.634692	0	0.772764	0	1	0	-0.772764	0	0.634692	
2.24263
0	0	0	1	0	0	0	1	0	0	0	1	
1.55391	0	0.999454	1	0	5.94365e-005	0	1	0	-5.94365e-005	0	1	
0	0	0	0.690811	0	0.723034	0	1	0	-0.723034	0	0.690811	
2.28063
0	0	0	1	0	0	0	1	0	0	0	1	
1.59197	0	0.999454	1	0	5.83601e-005	0	1	0	-5.83601e-005	0	1	
0	0	0	0.743046	0	0.66924	0	1	0	-0.66924	0	0.743046	
2.31863
0	0	0	1	0	0	0	1	0	0	0	1	
1.63002	0	0.999454	1	0	5.73029e-005	0	1	0	-5.73029e-005	0	1	
0	0	0	0.791103	0	0.611682	0	1	0	-0.611682	0	0.791103	
2.35663
0	0	0	1	0	0	0	1	0	0	0	1	
1.66807	0	0.999454	1	0	5.6265e-005	0	1	0	-5.6265e-005	0	1	
0	0	0	0.834712	0	0.550685	0	1	0	-0.550685	0	0.834712	
2.39463
0	0	0	1	0	0	0	1	0	0	0	1	
1.70612	0	0.999454	1	0	5.52473e-005	0	1	0	-5.52473e-005	0	1	
0	0	0	0.873628	0	0.486593	0	1	0	-0.486593	0	0.873628	
2.43263
0	0	0	1	0	0	0	1	0	0	0	1	
1.74417	0	0.999454	1	0	5.42472e-005	0	1	0	-5.42472e-005	0	1	
0	0	0	0.907633	0	0.419764	0	1	0	-0.419764	0	0.907633	
2.47063
0	0	0	1	0	0	0	1	0	0	0	1	
1.78222	0	0.999454	1	0	5.32669e-005	0	1	0	-5.32669e-005	0	1	
0	0	0	0.936534	0	0.350575	0	1	0	-0.350575	0	0.936534	
2.50863
0	0	0	1	0	0	0	1	0	0	0	1	
1.82028	0	0.999454	1	0	5.23048e-005	0	1	0	-5.23048e-005	0	1	
0	0	0	0.96017	0	0.279415	0	1	0	-0.279415	0	0.96017	
2.54663
0	0	0	1	0	0	0	1	0	0	0	1	
1.85833	0	0.999454	1	0	5.136e-005	0	1	0	-5.136e-005	0	1	
0	0	0	0.978407	0	0.206685	0	1	0	-0.206685	0	0.978407	
2.58463
0	0	0	1	0	0	0	1	0	0	0	1	
1.89638	0	0.999454	1	0	5.04332e-005	0	1	0	-5.04332e-005	0	1	
0	0	0	0.991143	0	0.132792	0	1	0	-0.132792	0	0.991143	
2.62263
0	0	0	1	0	0	0	1	0	0	0	1	
1.93443	0	0.999454	1	0	4.95243e-005	0	1	0	-4.95243e-005	0	1	
0	0	0	0.998307	0	0.0581526	0	1	0	-0.0581526	0	0.998307	
2.66063
0	0	0	1	0	0	0	1	0	0	0	1	
1.97248	0	0.999454	1	0	4.86317e-005	0	1	0	-4.86317e-005	0	1	
0	0	0	0.999858	0	-0.0168137	0	1	0	0.0168137	0	0.999858	
2.69863
0	0	0	1	0	0	0	1	0	0	0	1	
2.01053	0	0.999454	1	0	4.77552e-005	0	1	0	-4.77552e-005	0	1	
0	0	0	0.995787	0	-0.0916855	0	1	0	0.0916855	0	0.995787	
2.73663
0	0	0	1	0	0	0	1	0	0	0	1	
2.04859	0	0.999454	1	0	4.68951e-005	0	1	0	-4.68951e-005	0	1	
0	0	0	0.986118	0	-0.166042	0	1	0	0.166042	0	0.986118	
2.77463
0	0	0	1	0	0	0	1	0	0	0	1	
2.08664	0	0.999454	1	0	4.60511e-005	0	1	0	-4.60511e-005	0	1	
0	0	0	0.970904	0	-0.239465	0	1	0	0.239465	0	0.970904	
2.81263
0	0	0	1	0	0	0	1	0	0	0	1	
2.12469	0	0.999454	1	0	4.52237e-005	0	1	0	-4.52237e-005	0	1	
0	0	0	0.950232	0	-0.311541	0	1	0	0.311541	0	0.950232	
2.85063
0	0	0	1	0	0	0	1	0	0	0	1	
2.16274	0	0.999454	1	0	4.44112e-005	0	1	0	-4.44112e-005	0	1	
0	0	0	0.924217	0	-0.381866	0	1	0	0.381866	0	0.924217	
2.88863
0	0	0	1	0	0	0	1	0	0	0	1	
2.20079	0	0.999454	1	0	4.36136e-005	0	1	0	-4.36136e-005	0	1	
0	0	0	0.893006	0	-0.450044	0	1	0	0.450044	0	0.893006	
2.92663
0	0	0	1	0	0	0	1	0	0	0	1	
2.23884	0	0.999454	1	0	4.28308e-005	0	1	0	-4.28308e-005	0	1	
0	0	0	0.856774	0	-0.515691	0	1	0	0.515691	0	0.856774	
2.96463
0	0	0	1	0	0	0	1	0	0	0	1	
2.2769	0	0.999454	1	0	4.20624e-005	0	1	0	-4.20624e-005	0	1	
0	0	0	0.815725	0	-0.578439	0	1	0	0.578439	0	0.815725	
3.00263
0	0	0	1	0	0	0	1	0	0	0	1	
2.31495	0	0.999454	1	0	4.13086e-005	0	1	0	-4.13086e-005	0	1	
0	0	0	0.770089	0	-0.637935	0	1	0	0.637935	0	0.770089	
3.04063
0	0	0	1	0	0	0	1	0	0	0	1	
2.353	0	0.999454	1	0	4.05686e-005	0	1	0	-4.05686e-005	0	1	
0	0	0	0.720124	0	-0.693844	0	1	0	0.693844	0	0.720124	
3.07863
0	0	0	1	0	0	0	1	0	0	0	1	
2.39105	0	0.999454	1	0	3.98424e-005	0	1	0	-3.98424e-005	0	1	
0	0	0	0.66611	0	-0.745853	0	1	0	0.745853	0	0.66611	
3.11663
0	0	0	1	0	0	0	1	0	0	0	1	
2.4291	0	0.999454	1	0	3.91299e-005	0	1	0	-3.91299e-005	0	1	
0	0	0	0.608351	0	-0.793667	0	1	0	0.793667	0	0.608351	
3.15463
0	0	0	1	0	0	0	1	0	0	0	1	
2.46715	0	0.999454	1	0	3.84306e-005	0	1	0	-3.84306e-005	0	1	
0	0	0	0.547171	0	-0.83702	0	1	0	0.83702	0	0.547171	
3.19263
0	0	0	1	0	0	0	1	0	0	0	1	
2.50521	0	0.999454	1	0	3.77442e-005	0	1	0	-3.77442e-005	0	1	
0	0	0	0.482916	0	-0.875666	0	1	0	0.875666	0	0.482916	
3.23063
0	0	0	1	0	0	0	1	0	0	0	1	
2.54326	0	0.999454	1	0	3.70704e-005	0	1	0	-3.70704e-005	0	1	
0	0	0	0.415945	0	-0.909389	0	1	0	0.909389	0	0.415945	
3.26863
0	0	0	1	0	0	0	1	0	0	0	1	
2.58131	0	0.999454	1	0	3.64087e-005	0	1	0	-3.64087e-005	0	1	
0	0	0	0.346635	0	-0.937999	0	1	0	0.937999	0	0.346635	
3.30663
0	0	0	1	0	0	0	1	0	0	0	1	
2.61936	0	0.999454	1	0	3.57589e-005	0	1	0	-3.57589e-005	0	1	
0	0	0	0.275377	0	-0.961336	0	1	0	0.961336	0	0.275377	
3.34463
0	0	0	1	0	0	0	1	0	0	0	1	
2.65741	0	0.999454	1	0	3.5123e-005	0	1	0	-3.5123e-005	0	1	
0	0	0	0.20257	0	-0.979267	0	1	0	0.979267	0	0.20257	
3.38263
0	0	0	1	0	0	0	1	0	0	0	1	
2.69546	0	0.999454	1	0	3.44987e-005	0	1	0	-3.44987e-005	0	1	
0	0	0	0.128624	0	-0.991693	0	1	0	0.991693	0	0.128624	
3.42063
0	0	0	1	0	0	0	1	0	0	0	1	
2.73351	0	0.999454	1	0	3.38857e-005	0	1	0	-3.38857e-005	0	1	
0	0	0	0.0539554	0	-0.998543	0	1	0	0.998543	0	0.0539554	
3.45863
0	0	0	1	0	0	0	1	0	0	0	1	
2.77157	0	0.999454	1	0	3.32838e-005	0	1	0	-3.32838e-005	0	1	
0	0	0	-0.0210167	0	-0.999778	0	1	0	0.999778	0	-0.0210167	
3.49663
0	0	0	1	0	0	0	1	0	0	0	1	
2.80962	0	0.999454	1	0	3.26923e-005	0	1	0	-3.26923e-005	0	1	
0	0	0	-0.0958708	0	-0.995393	0	1	0	0.995393	0	-0.0958708	
3.53463
0	0	0	1	0	0	0	1	0	0	0	1	
2.84767	0	0.999454	1	0	3.21117e-005	0	1	0	-3.21117e-005	0	1	
0	0	0	-0.170186	0	-0.985411	0	1	0	0.985411	0	-0.170186	
3.57263
0	0	0	1	0	0	0	1	0	0	0	1	
2.88572	0	0.999454	1	0	3.15441e-005	0	1	0	-3.15441e-005	0	1	
0	0	0	-0.243544	0	-0.969889	0	1	0	0.969889	0	-0.243544	
3.61063
0	0	0	1	0	0	0	1	0	0	0	1	
2.92377	0	0.999454	1	0	3.09864e-005	0	1	0	-3.09864e-005	0	1	
0	0	0	-0.315533	0	-0.948914	0	1	0	0.948914	0	-0.315533	
3.64863
0	0	0	1	0	0	0	1	0	0	0	1	
2.96182	0	0.999454	1	0	3.0437e-005	0	1	0	-3.0437e-005	0	1	
0	0	0	-0.385748	0	-0.922603	0	1	0	0.922603	0	-0.385748	
3.68663
0	0	0	1	0	0	0	1	0	0	0	1	
2.99988	0	0.999454	1	0	2.98996e-005	0	1	0	-2.98996e-005	0	1	
0	0	0	-0.453794	0	-0.891106	0	1	0	0.891106	0	-0.453794	
3.72463
0	0	0	1	0	0	0	1	0	0	0	1	
3.03893	0	0.996286	0.999995	0	-0.00309194	0	1	0	0.00309194	0	0.999995	
0	0	0	-0.519288	0	-0.854598	0	1	0	0.854598	0	-0.519288	
3.76263
0	0	0	1	0	0	0	1	0	0	0	1	
3.0796	0	0.986795	0.999922	0	-0.0124708	0	1	0	0.0124708	0	0.999922	
0	0	0	-0.581863	0	-0.813286	0	1	0	0.813286	0	-0.581863	
3.80063
0	0	0	1	0	0	0	1	0	0	0	1	
3.12178	0	0.970809	0.999605	0	-0.0281016	0	1	0	0.0281016	0	0.999605	
0	0	0	-0.641167	0	-0.767401	0	1	0	0.767401	0	-0.641167	
3.83863
0	0	0	1	0	0	0	1	0	0	0	1	
3.16553	0	0.948099	0.998753	0	-0.0499254	0	1	0	0.0499254	0	0.998753	
0	0	0	-0.696865	0	-0.717201	0	1	0	0.717201	0	-0.696865	
3.87663
0	0	0	1	0	0	0	1	0	0	0	1	
3.2106	0	0.918363	0.996966	0	-0.0778434	0	1	0	0.0778434	0	0.996966	
0	0	0	-0.748646	0	-0.662969	0	1	0	0.662969	0	-0.748646	
3.91463
0	0	0	1	0	0	0	1	0	0	0	1	
3.25714	0	0.881244	0.993741	0	-0.111709	0	1	0	0.111709	0	0.993741	
0	0	0	-0.796217	0	-0.605009	0	1	0	0.605009	0	-0.796217	
3.95263
0	0	0	1	0	0	0	1	0	0	0	1	
3.30485	0	0.836352	0.988484	0	-0.151323	0	1	0	0.151323	0	0.988484	
0	0	0	-0.839312	0	-0.543648	0	1	0	0.543648	0	-0.839312	
3.99063
0	0	0	1	0	0	0	1	0	0	0	1	
3.35383	0	0.783286	0.980522	0	-0.196408	0	1	0	0.196408	0	0.980522	
0	0	0	-0.877688	0	-0.47923	0	1	0	0.47923	0	-0.877688	
4.02866
0	0	0	1	0	0	0	1	0	0	0	1	
3.40399	0	0.721599	0.969103	0	-0.246657	0	1	0	0.246657	0	0.969103	
0	0	0	-0.911129	0	-0.412118	0	1	0	0.412118	0	-0.911129	
4.0667
0	0	0	1	0	0	0	1	0	0	0	1	
3.45518	0	0.650943	0.953425	0	-0.301629	0	1	0	0.301629	0	0.953425	
0	0	0	-0.939448	0	-0.342689	0	1	0	0.342689	0	-0.939448	
4.10474
0	0	0	1	0	0	0	1	0	0	0	1	
3.50735	0	0.571014	0.932651	0	-0.36078	0	1	0	0.36078	0	0.932651	
0	0	0	-0.962485	0	-0.271333	0	1	0	0.271333	0	-0.962485	
4.14278
0	0	0	1	0	0	0	1	0	0	0	1	
3.56045	0	0.481547	0.905902	0	-0.423488	0	1	0	0.423488	0	0.905902	
0	0	0	-0.98011	0	-0.198452	0	1	0	0.198452	0	-0.98011	
4.18082
0	0	0	1	0	0	0	1	0	0	0	1	
3.61447	0	0.38765	0.873286	0	-0.487207	0	1	0	0.487207	0	0.873286	
0	0	0	-0.992224	0	-0.124454	0	1	0	0.124454	0	-0.992224	
4.21886
0	0	0	1	0	0	0	1	0	0	0	1	
3.6698	0	0.402404	0.860058	0	-0.510197	0	1	0	0.510197	0	0.860058	
0	0	0	-0.99876	0	-0.0497574	0	1	0	0.0497574	0	-0.99876	
4.2569
0	0	0	1	0	0	0	1	0	0	0	1	
3.72512	0	0.402963	0.846176	0	-0.532904	0	1	0	0.532904	0	0.846176	
0	0	0	-0.999681	0	0.0252193	0	1	0	-0.0252193	0	-0.999681	
4.29494
0	0	0	1	0	0	0	1	0	0	0	1	
3.78044	0	0.389327	0.83175	0	-0.55515	0	1	0	0.55515	0	0.83175	
0	0	0	-0.994981	0	0.100054	0	1	0	-0.100054	0	-0.994981	
4.33298
0	0	0	1	0	0	0	1	0	0	0	1	
3.83377	0	0.392026	0.820174	0	-0.572114	0	1	0	0.572114	0	0.820174	
0	0	0	-0.984687	0	0.174327	0	1	0	-0.174327	0	-0.984687	
4.37102
0	0	0	1	0	0	0	1	0	0	0	1	
3.88427	0	0.3967	0.808347	0	-0.588706	0	1	0	0.588706	0	0.808347	
0	0	0	-0.968856	0	0.247619	0	1	0	-0.247619	0	-0.968856	
4.40906
0	0	0	1	0	0	0	1	0	0	0	1	
3.932	0	0.400952	0.795694	0	-0.605699	0	1	0	0.605699	0	0.795694	
0	0	0	-0.947579	0	0.319519	0	1	0	-0.319519	0	-0.947579	
4.4471
0	0	0	1	0	0	0	1	0	0	0	1	
3.97699	0	0.404776	0.781906	0	-0.623396	0	1	0	0.623396	0	0.781906	
0	0	0	-0.920973	0	0.389622	0	1	0	-0.389622	0	-0.920973	
4.48514
0	0	0	1	0	0	0	1	0	0	0	1	
4.01936	0	0.408106	0.766645	0	-0.642071	0	1	0	0.642071	0	0.766645	
0	0	0	-0.88919	0	0.457535	0	1	0	-0.457535	0	-0.88919	
4.52318
0	0	0	1	0	0	0	1	0	0	0	1	
4.05866	0	0.410821	0.749464	0	-0.662045	0	1	0	0.662045	0	0.749464	
0	0	0	-0.852407	0	0.522876	0	1	0	-0.522876	0	-0.852407	
4.56122
0	0	0	1	0	0	0	1	0	0	0	1	
4.09675	0	0.412611	0.731004	0	-0.682373	0	1	0	0.682373	0	0.731004	
0	0	0	-0.810832	0	0.585277	0	1	0	-0.585277	0	-0.810832	
4.59926
0	0	0	1	0	0	0	1	0	0	0	1	
4.13484	0	0.413334	0.712424	0	-0.70175	0	1	0	0.70175	0	0.712424	
0	0	0	-0.764698	0	0.644387	0	1	0	-0.644387	0	-0.764698	
4.6373
0	0	0	1	0	0	0	1	0	0	0	1	
4.17293	0	0.413036	0.693201	0	-0.720745	0	1	0	0.720745	0	0.693201	
0	0	0	-0.714265	0	0.699874	0	1	0	-0.699874	0	-0.714265	
4.67534
0	0	0	1	0	0	0	1	0	0	0	1	
4.21103	0	0.411704	0.673452	0	-0.739231	0	1	0	0.739231	0	0.673452	
0	0	0	-0.659816	0	0.751426	0	1	0	-0.751426	0	-0.659816	
4.71338
0	0	0	1	0	0	0	1	0	0	0	1	
4.24912	0	0.409323	0.65311	0	-0.757263	0	1	0	0.757263	0	0.65311	
0	0	0	-0.601657	0	0.798753	0	1	0	-0.798753	0	-0.601657	
4.75142
0	0	0	1	0	0	0	1	0	0	0	1	
4.28843	0	0.405848	0.631995	0	-0.774972	0	1	0	0.774972	0	0.631995	
0	0	0	-0.540115	0	0.84159	0	1	0	-0.84159	0	-0.540115	
4.78946
0	0	0	1	0	0	0	1	0	0	0	1	
4.32834	0	0.401084	0.609408	0	-0.792857	0	1	0	0.792857	0	0.609408	
0	0	0	-0.475536	0	0.879695	0	1	0	-0.879695	0	-0.475536	
4.8275
0	0	0	1	0	0	0	1	0	0	0	1	
4.36936	0	0.395073	0.586015	0	-0.8103	0	1	0	0.8103	0	0.586015	
0	0	0	-0.408284	0	0.912854	0	1	0	-0.912854	0	-0.408284	
4.86554
0	0	0	1	0	0	0	1	0	0	0	1	
4.41135	0	0.387552	0.561112	0	-0.82774	0	1	0	0.82774	0	0.561112	
0	0	0	-0.338737	0	0.94088	0	1	0	-0.94088	0	-0.338737	
4.90358
0	0	0	1	0	0	0	1	0	0	0	1	
4.45492	0	0.378389	0.534719	0	-0.84503	0	1	0	0.84503	0	0.534719	
0	0	0	-0.267285	0	0.963616	0	1	0	-0.963616	0	-0.267285	
4.94162
0	0	0	1	0	0	0	1	0	0	0	1	
4.50027	0	0.367326	0.506501	0	-0.86224	0	1	0	0.86224	0	0.506501	
0	0	0	-0.19433	0	0.980935	0	1	0	-0.980935	0	-0.19433	
4.97966
0	0	0	1	0	0	0	1	0	0	0	1	
4.54762	0	0.354104	0.476241	0	-0.879315	0	1	0	0.879315	0	0.476241	
0	0	0	-0.120282	0	0.992738	0	1	0	-0.992738	0	-0.120282	
5.0177
0	0	0	1	0	0	0	1	0	0	0	1	
4.59703	0	0.338398	0.443728	0	-0.896161	0	1	0	0.896161	0	0.443728	
0	0	0	-0.0455585	0	0.99896	0	1	0	-0.99896	0	-0.0455585	
5.05574
0	0	0	1	0	0	0	1	0	0	0	1	
4.64862	0	0.319822	0.408638	0	-0.912697	0	1	0	0.912697	0	0.408638	
0	0	0	0.0294214	0	0.999566	0	1	0	-0.999566	0	0.0294214	
5.09378
0	0	0	1	0	0	0	1	0	0	0	1	
4.70243	0	0.297935	0.370741	0	-0.928736	0	1	0	0.928736	0	0.370741	
0	0	0	0.104236	0	0.994551	0	1	0	-0.994551	0	0.104236	
5.13182
0	0	0	1	0	0	0	1	0	0	0	1	
4.75883	0	0.272244	0.329713	0	-0.944081	0	1	0	0.944081	0	0.329713	
0	0	0	0.178464	0	0.983945	0	1	0	-0.983945	0	0.178464	
5.16986
0	0	0	1	0	0	0	1	0	0	0	1	
4.81767	0	0.242171	0.285294	0	-0.95844	0	1	0	0.95844	0	0.285294	
0	0	0	0.251689	0	0.967807	0	1	0	-0.967807	0	0.251689	
5.2079
0	0	0	1	0	0	0	1	0	0	0	1	
4.87877	0	0.207062	0.237156	0	-0.971472	0	1	0	0.971472	0	0.237156	
0	0	0	0.323499	0	0.946227	0	1	0	-0.946227	0	0.323499	
5.24594
0	0	0	1	0	0	0	1	0	0	0	1	
4.94188	0	0.165896	0.184651	0	-0.982804	0	1	0	0.982804	0	0.184651	
0	0	0	0.39349	0	0.919327	0	1	0	-0.919327	0	0.39349	
5.28398
0	0	0	1	0	0	0	1	0	0	0	1	
5.00641	0	0.117905	0.127625	0	-0.991822	0	1	0	0.991822	0	0.127625	
0	0	0	0.461269	0	0.887259	0	1	0	-0.887259	0	0.461269	
5.32202
0	0	0	1	0	0	0	1	0	0	0	1	
5.07257	0	0.0624748	0.0662284	0	-0.997805	0	1	0	0.997805	0	0.0662284	
0	0	0	0.526454	0	0.850202	0	1	0	-0.850202	0	0.526454	
5.36006
0	0	0	1	0	0	0	1	0	0	0	1	
5.13977	0	-0.00114938	0.000409484	0	-1	0	1	0	1	0	0.000409484	
0	0	0	0.58868	0	0.808365	0	1	0	-0.808365	0	0.58868	
5.3981
0	0	0	1	0	0	0	1	0	0	0	1	
5.20842	0	-0.0738337	-0.0698241	0	-0.997559	0	1	0	0.997559	0	-0.0698241	
0	0	0	0.647595	0	0.761983	0	1	0	-0.761983	0	0.647595	
5.43614
0	0	0	1	0	0	0	1	0	0	0	1	
5.27553	0	-0.156611	-0.144539	0	-0.989499	0	1	0	0.989499	0	-0.144539	
0	0	0	0.70287	0	0.711316	0	1	0	-0.711316	0	0.70287	
5.47418
0	0	0	1	0	0	0	1	0	0	0	1	
5.34264	0	-0.249894	-0.223091	0	-0.974798	0	1	0	0.974798	0	-0.223091	
0	0	0	0.754193	0	0.656651	0	1	0	-0.656651	0	0.754193	
5.51222
0	0	0	1	0	0	0	1	0	0	0	1	
5.40881	0	-0.353884	-0.30465	0	-0.952464	0	1	0	0.952464	0	-0.30465	
0	0	0	0.801275	0	0.598293	0	1	0	-0.598293	0	0.801275	
5.55026
0	0	0	1	0	0	0	1	0	0	0	1	
5.47411	0	-0.468671	-0.388419	0	-0.921483	0	1	0	0.921483	0	-0.388419	
0	0	0	0.843853	0	0.536572	0	1	0	-0.536572	0	0.843853	
5.5883
0	0	0	1	0	0	0	1	0	0	0	1	
5.53941	0	-0.594244	-0.473352	0	-0.880873	0	1	0	0.880873	0	-0.473352	
0	0	0	0.881686	0	0.471834	0	1	0	-0.471834	0	0.881686	
5.62634
0	0	0	1	0	0	0	1	0	0	0	1	
5.60314	0	-0.730475	-0.558323	0	-0.829623	0	1	0	0.829623	0	-0.558323	
0	0	0	0.914562	0	0.404443	0	1	0	-0.404443	0	0.914562	
5.66438
0	0	0	1	0	0	0	1	0	0	0	1	
5.66663	0	-0.877099	-0.64202	0	-0.766688	0	1	0	0.766688	0	-0.64202	
0	0	0	0.942295	0	0.334778	0	1	0	-0.334778	0	0.942295	
5.70242
0	0	0	1	0	0	0	1	0	0	0	1	
5.72909	0	-1.03368	-0.722882	0	-0.690972	0	1	0	0.690972	0	-0.722882	
0	0	0	0.964731	0	0.263231	0	1	0	-0.263231	0	0.964731	
5.74046
0	0	0	1	0	0	0	1	0	0	0	1	
5.79076	0	-1.19954	-0.799031	0	-0.60129	0	1	0	0.60129	0	-0.799031	
0	0	0	0.981743	0	0.190204	0	1	0	-0.190204	0	0.981743	
5.7785
0	0	0	1	0	0	0	1	0	0	0	1	
5.85096	0	-1.37367	-0.868143	0	-0.496314	0	1	0	0.496314	0	-0.868143	
0	0	0	0.993235	0	0.116108	0	1	0	-0.116108	0	0.993235	
5.81654
0	0	0	1	0	0	0	1	0	0	0	1	
5.90982	0	-1.55448	-0.927197	0	-0.374574	0	1	0	0.374574	0	-0.927197	
0	0	0	0.999143	0	0.0413588	0	1	0	-0.0413588	0	0.999143	
5.85458
0	0	0	1	0	0	0	1	0	0	0	1	
5.96676	0	-1.73952	-0.972111	0	-0.234519	0	1	0	0.234519	0	-0.972111	
0	0	0	0.999433	0	-0.033623	0	1	0	0.033623	0	0.999433	
5.89262
0	0	0	1	0	0	0	1	0	0	0	1	
6.02075	0	-1.92459	-0.997211	0	-0.074631	0	1	0	0.074631	0	-0.997211	
0	0	0	0.994104	0	-0.108416	0	1	0	0.108416	0	0.994104	
5.93066
0	0	0	1	0	0	0	1	0	0	0	1	
6.07012	0	-2.00162	-1	0	-0.000446406	0	1	0	0.000446406	0	-1	
0	0	0	0.983186	0	-0.182599	0	1	0	0.182599	0	0.983186	
5.9687
0	0	0	1	0	0	0	1	0	0	0	1	
6.11595	0	-2.00162	-1	0	-0.000447402	0	1	0	0.000447402	0	-1	
0	0	0	0.96674	0	-0.255755	0	1	0	0.255755	0	0.96674	
6.00674
0	0	0	1	0	0	0	1	0	0	0	1	
6.15874	0	-2.00162	-1	0	-0.000448399	0	1	0	0.000448399	0	-1	
0	0	0	0.944859	0	-0.327474	0	1	0	0.327474	0	0.944859	
6.04478
0	0	0	1	0	0	0	1	0	0	0	1	
6.19881	0	-2.00162	-1	0	-0.000449338	0	1	0	0.000449338	0	-1	
0	0	0	0.917665	0	-0.397351	0	1	0	0.397351	0	0.917665	
6.08282
0	0	0	1	0	0	0	1	0	0	0	1	
6.23599	0	-2.00162	-1	0	-0.000450224	0	1	0	0.000450224	0	-1	
0	0	0	0.885312	0	-0.464995	0	1	0	0.464995	0	0.885312	
6.12086
0	0	0	1	0	0	0	1	0	0	0	1	
6.27031	0	-2.00162	-1	0	-0.00045111	0	1	0	0.00045111	0	-1	
0	0	0	0.847981	0	-0.530024	0	1	0	0.530024	0	0.847981	
6.1589
0	0	0	1	0	0	0	1	0	0	0	1	
6.30191	0	-2.00162	-1	0	-0.000451995	0	1	0	0.000451995	0	-1	
0	0	0	0.805883	0	-0.592073	0	1	0	0.592073	0	0.805883	
