# Robotbuilder playback file

Version 1

Articulation_File	""
Environment_File	"Treadmill.env"
Articulation_File_Time	0	0
Environment_File_Time	29530556	614282691
Number_Of_Items	2

3.53
0	0	0	1	0	0	0	1	0	0	0	1	
0	0	0	-0.532832	0	0.846221	0	1	0	-0.846221	0	-0.532832	
3.64
0	0	0	1	0	0	0	1	0	0	0	1	
0	0	0	-0.0619046	0	0.998082	0	1	0	-0.998082	0	-0.0619046	
3.75
0	0	0	1	0	0	0	1	0	0	0	1	
0	0	0	0.42418	0	0.905578	0	1	0	-0.905578	0	0.42418	
3.86
0	0	0	1	0	0	0	1	0	0	0	1	
0	0	0	0.80641	0	0.591357	0	1	0	-0.591357	0	0.80641	
3.97
0	0	0	1	0	0	0	1	0	0	0	1	
0	0	0	0.991203	0	0.132351	0	1	0	-0.132351	0	0.991203	
4.08
0	0	0	1	0	0	0	1	0	0	0	1	
0	0	0	0.933315	0	-0.359059	0	1	0	0.359059	0	0.933315	
4.19
0	0	0	1	0	0	0	1	0	0	0	1	
0	0	0	0.646919	0	-0.762559	0	1	0	0.762559	0	0.646919	
4.3
0	0	0	1	0	0	0	1	0	0	0	1	
0	0	0	0.202134	0	-0.979358	0	1	0	0.979358	0	0.202134	
4.41
0	0	0	1	0	0	0	1	0	0	0	1	
0	0	0	-0.292139	0	-0.956375	0	1	0	0.956375	0	-0.292139	
4.52
0	0	0	1	0	0	0	1	0	0	0	1	
0	0	0	-0.714887	0	-0.699239	0	1	0	0.699239	0	-0.714887	
4.63
0	0	0	1	0	0	0	1	0	0	0	1	
0	0	0	-0.962606	0	-0.270905	0	1	0	0.270905	0	-0.962606	
4.74
0	0	0	1	0	0	0	1	0	0	0	1	
0	0	0	-0.974645	0	0.223756	0	1	0	-0.223756	0	-0.974645	
4.85
0	0	0	1	0	0	0	1	0	0	0	1	
0	0	0	-0.748057	0	0.663634	0	1	0	-0.663634	0	-0.748057	
4.96
0	0	0	1	0	0	0	1	0	0	0	1	
0	0	0	-0.338318	0	0.941031	0	1	0	-0.941031	0	-0.338318	
5.07
0	0	0	1	0	0	0	1	0	0	0	1	
0	0	0	0.154252	0	0.988031	0	1	0	-0.988031	0	0.154252	
5.18
0	0	0	1	0	0	0	1	0	0	0	1	
0	0	0	0.609056	0	0.793126	0	1	0	-0.793126	0	0.609056	
5.29
0	0	0	1	0	0	0	1	0	0	0	1	
0	0	0	0.914742	0	0.404037	0	1	0	-0.404037	0	0.914742	
5.4
0	0	0	1	0	0	0	1	0	0	0	1	
0	0	0	0.996467	0	-0.0839754	0	1	0	0.0839754	0	0.996467	
5.51
0	0	0	1	0	0	0	1	0	0	0	1	
0	0	0	0.834223	0	-0.551427	0	1	0	0.551427	0	0.834223	
5.62
0	0	0	1	0	0	0	1	0	0	0	1	
0	0	0	0.467731	0	-0.883871	0	1	0	0.883871	0	0.467731	
5.73
0	0	0	1	0	0	0	1	0	0	0	1	
0	0	0	-0.0132777	0	-0.999911	0	1	0	0.999911	0	-0.0132777	
5.84
0	0	0	1	0	0	0	1	0	0	0	1	
0	0	0	-0.491035	0	-0.871139	0	1	0	0.871139	0	-0.491035	
5.95
0	0	0	1	0	0	0	1	0	0	0	1	
0	0	0	-0.84857	0	-0.529082	0	1	0	0.529082	0	-0.84857	
6.06
0	0	0	1	0	0	0	1	0	0	0	1	
0	0	0	-0.998346	0	-0.0574865	0	1	0	0.0574865	0	-0.998346	
6.17
0	0	0	1	0	0	0	1	0	0	0	1	
0	0	0	-0.903691	0	0.428183	0	1	0	-0.428183	0	-0.903691	
6.28
0	0	0	1	0	0	0	1	0	0	0	1	
0	0	0	-0.587782	0	0.809019	0	1	0	-0.809019	0	-0.587782	
6.39
0	0	0	1	0	0	0	1	0	0	0	1	
0	0	0	-0.127963	0	0.991779	0	1	0	-0.991779	0	-0.127963	
6.5
0	0	0	1	0	0	0	1	0	0	0	1	
0	0	0	0.363186	0	0.931716	0	1	0	-0.931716	0	0.363186	
6.61
0	0	0	1	0	0	0	1	0	0	0	1	
0	0	0	0.765414	0	0.643537	0	1	0	-0.643537	0	0.765414	
6.72
0	0	0	1	0	0	0	1	0	0	0	1	
0	0	0	0.980242	0	0.197798	0	1	0	-0.197798	0	0.980242	
6.83
0	0	0	1	0	0	0	1	0	0	0	1	
0	0	0	0.955073	0	-0.296369	0	1	0	0.296369	0	0.955073	
6.94
0	0	0	1	0	0	0	1	0	0	0	1	
0	0	0	0.696068	0	-0.717975	0	1	0	0.717975	0	0.696068	
